3.02014   23.4415    3.46369
2.08995   23.4415    3.8037
3.70633   23.7652    3.97202
3.02092   23.6489    3.6917
2.52422   24.1104    2.60251
2.36983   23.3974    2.84056
2.43924   23.368    3.07907
3.61076   23.4752    2.11107
3.89399   23.6884    2.79709
2.93894   23.5541    2.83815
3.67081   23.9039    3.26666
3.58771   23.7995    3.03275
2.29174   23.3427    2.00201
2.47606   23.3165    2.45603
3.97891   23.6573    3.9527
2.37702   23.2472    3.38331
2.46823   23.4327    3.06753
3.47844   23.3946    2.23465
3.285   26.1039    3.17415
2.93929   25.9876    2.54421
2.23936   25.6697    3.78594
3.19728   26.0457    2.78395
2.91315   26.1197    3.30275
3.55362   25.9309    3.33463
3.70757   25.8548    2.334
2.77438   25.8211    3.89658
3.38604   26.0912    3.078
3.04815   26.1106    3.33386
3.0622   25.7656    2.6979
2.18567   25.8132    2.04083
3.69623   26.394    3.74709
2.00614   25.5455    2.79354
3.45708   25.9252    3.69158
2.23524   25.8009    2.64842
3.58572   26.041    2.94667
2.81454   25.4135    3.41066
