7.81451012471399e-05 1.93841006564753e-05
0.0905135560489383 0.0402527998057645
0.15386075842525 0.0796892123291518
0.205694018379424 0.115359325257516
0.2532285032943 0.149325700210806
0.298115311855559 0.182605453004837
0.339014286345907 0.213726642037676
0.377962311430211 0.244037072441912
0.414441650620314 0.272600998284343
0.450017129185926 0.301387512604364
0.485553677885885 0.330731402680811
0.518041606951269 0.358185414008675
0.550049752821275 0.385526843797401
0.579458500787246 0.411087750040754
0.608168801083263 0.435897037465211
0.63691254548703 0.46108187313767
0.665619772020879 0.486296145499176
0.692863667118829 0.510472181180352
0.719644715674222 0.534871786042639
0.746760083087338 0.559500528670858
0.773411553369533 0.584300628982503
0.801607015924817 0.61033685013256
0.826846206347275 0.634257230495729
0.853808229440207 0.660250264559698
0.881625574790407 0.686990687591145
0.911299525334796 0.715312706136516
0.937913063399994 0.74138349877389
0.965952321558123 0.768318732429477
0.992674869946138 0.794472751107252
1.02046776642175 0.822047765880081
1.04883490933231 0.849343507162654
1.07795573806902 0.877628581470848
1.10642636362605 0.905538509902925
1.13356022456758 0.932307496812794
1.16266081597238 0.961117410391321
1.18851643082262 0.987569933460619
1.21591927776675 1.01455879560241
1.24210861401496 1.0408279579448
1.26942171545968 1.06668966419966
1.29559509577884 1.09308845686082
1.32242084607934 1.11916098097831
1.35008463605928 1.14623922216566
1.37844132710404 1.17400633293876
1.4048506491858 1.20062716154173
1.43328707197491 1.22960741720578
1.46105557093002 1.25695397497412
1.49059579003736 1.28618715459923
1.51833591573227 1.31335052300051
1.54603360660162 1.34090284084578
1.57450275626549 1.36880379817179
1.6035870671743 1.39816501142049
1.63180083515169 1.42623830485563
1.65897731539787 1.45396071899495
1.68774123667792 1.48221035643735
1.71462405715624 1.50941132420791
1.7416361240934 1.53569169329192
1.76820325678856 1.56274208463378
1.7937683938081 1.58777879720251
1.82066196176965 1.61352593177994
1.84785742293344 1.64079862387614
1.87827328862337 1.67020418398616
1.90732326223371 1.69943740870215
1.93580284976037 1.72804044142941
1.96435497544464 1.75679108717575
1.99545353805261 1.78794528155435
2.01807072938278 1.81065159241944
2.0436690665116 1.83606312279216
2.06903478103713 1.86144666335836
2.09644785928098 1.88794560739418
2.12321259459432 1.91554986508351
2.15121467902514 1.94305807540833
2.17776185507552 1.96954575472818
2.20332027946461 1.99541798123066
2.23177599207564 2.02345912548617
2.25822868793479 2.04962260764902
2.28650296809108 2.07729225185387
2.31556265548105 2.10697651977464
2.34862758139211 2.14032825749825
2.38219904243242 2.17357897082517
2.41048838881938 2.20162896349008
2.44119746444727 2.23241174129001
2.47270106797588 2.26352450151262
2.50093889156839 2.29142907475025
2.53071886362051 2.32161016228692
2.55958936849503 2.35017870349015
2.5898629379015 2.3801894544842
2.62164845545411 2.41243678891247
2.65499376285441 2.44565336899008
2.68527486993514 2.47636425746876
2.71654011156323 2.50827278365959
2.74715653535457 2.53858983089433
2.77710495487896 2.56840798162698
2.80959693108191 2.60041534589477
2.83815600821415 2.62930738548929
2.87172623032796 2.66344331633297
2.90441771785883 2.69524626910231
2.93569382838512 2.72704421215126
2.97100475935389 2.76237477858645
3.005262883333 2.79587524930068
3.03769456406881 2.82951349509773
3.0712787877901 2.86242555133937
3.1036441993409 2.89408873817549
3.13698732339376 2.92757676363039
3.17136126326302 2.96180465519995
3.20501919806144 2.99579987636569
3.24226059617281 3.03267255700113
3.28335983987066 3.07390818308497
3.32585316902458 3.11615141270518
3.36658708831911 3.15619954469436
3.40783132390589 3.19738904234173
3.44702996305516 3.23683000670133
3.48545441860668 3.27487722878261
3.52331153388105 3.31221966203869
3.55749317111535 3.34655372144331
3.59332600181867 3.38205845587879
3.63114194131658 3.42041864909588
3.66675939120996 3.45618094258058
3.70230180789476 3.49166701205025
3.7338516109138 3.52333176166957
3.76609931388099 3.55617626815432
3.80359620783031 3.59274013228636
3.83811974205743 3.62696237109253
3.87070621073707 3.65956855819365
3.90099877797168 3.6891333835697
3.93268841741491 3.72104139868494
3.96564709700452 3.75344016011789
3.99770273914973 3.78514256996936
4.0324598092996 3.82029286366786
4.06776819537287 3.85510390687726
4.10283619321394 3.88982543310019
4.13497582922132 3.92181639615138
4.1672448224159 3.95450500992912
4.20560822292645 3.99319053910969
4.24214866458155 4.02975113774831
4.27535639033938 4.06389076576309
4.30951040790349 4.09786737636719
4.34323999344794 4.13184060779527
4.37522375148499 4.16297979218768
4.41112720198348 4.19854722643686
4.44184678682835 4.22942182153951
4.47363535917368 4.26095947885836
4.50349280647776 4.29127120949479
4.53485705119625 4.32257348431711
4.56644330822786 4.35371815211535
4.59838323375743 4.38558647571644
4.63250333966913 4.41959895409325
4.66813220717489 4.45448880195013
4.7019096435407 4.48888867181425
4.73922864503548 4.52515046908048
4.77307391657941 4.55981169556156
4.8055115892209 4.59207802684556
4.83779182630251 4.62456115745951
4.86520835584791 4.65191215964367
4.89468751573529 4.68153632908179
4.92496864682891 4.71232004083776
4.95323506524318 4.74095218650121
4.9847520703677 4.77206394340911
5.01398420227061 4.8004806696244
5.04973269117996 4.83591198720406
5.08184457313063 4.86800090253905
5.121713092419 4.9081425984769
5.15805094079409 4.94417926097735
5.19896080454412 4.98482923635101
5.23443240854319 5.02063698123506
5.26701124490403 5.05385194578499
5.30017841301232 5.08706896638637
5.33317237690931 5.11958986679639
5.36775517392995 5.15430662129607
5.39840464948802 5.18507671788324
5.43084118724518 5.21757175548977
5.46368970445687 5.25016210422123
5.5010774918116 5.28756049038102
5.53501397451562 5.32109901912703
5.5638753616209 5.34938652423881
5.59335385872825 5.37923964638882
5.62309877468721 5.40869748994124
5.65249736500482 5.43826395893058
5.67829402163909 5.46394863418861
5.70728725019289 5.49321887650942
5.73261690335138 5.51895254387751
5.76205835803182 5.54862735435698
5.79088193707931 5.57713278666113
5.82038965351485 5.6060056890862
5.8495537958418 5.63526156723864
5.88049248605693 5.66646822236695
5.90861729866344 5.69445406704425
5.93397228284356 5.72009480585916
5.96072859500823 5.74719426136783
5.98975491260007 5.77574207649337
6.0140438553672 5.7993093111407
6.04263692519214 5.82844474284422
6.07845969384264 5.86364368783027
6.10817762749133 5.89382561117724
6.14157909832078 5.92695326048606
6.16843432053706 5.95369432624287
6.20263008476692 5.98821226180322
6.23441901474832 6.01957501525832
6.26524257391826 6.04996645216487
6.29374663581633 6.07885949392221
6.32069544515774 6.1057167450096
6.34295680305095 6.12791766854712
6.36698867197769 6.15172996814891
6.39577792427857 6.18080068234341
6.42678780810011 6.21187796320452
6.45652744245785 6.24178498592538
6.48928267764636 6.27438903011711
6.51750572896221 6.30256347465911
6.54972956660539 6.33428846375216
6.57869718442412 6.36390756441217
6.60487432405927 6.3901749103702
6.63245210923958 6.41745096060732
6.66047009285893 6.44551983306415
6.69045982066091 6.47556659242337
6.71974380767111 6.50498686184605
6.74673950545021 6.53195162251504
6.78010040512736 6.56531119706471
6.80927377427898 6.59439542463912
6.83985615498854 6.62441579779215
6.87368946946494 6.65793205756542
6.90702496794142 6.69118442088631
6.93816506954593 6.72236552727132
6.97084396798945 6.75521626946189
7.01070713765763 6.79547209628438
7.05217598797642 6.83682768371427
7.09200524783937 6.87694594403564
7.13720282422131 6.92208567309767
7.18547808873681 6.96969211129016
7.22917690367378 7.01362950929873
7.27483839945445 7.06001524513609
7.31884584336197 7.10322453487622
7.36371963954188 7.14795540380549
7.4054055423019 7.18958970197445
7.44701259082293 7.23106395046339
7.48777828004226 7.27241370640195
7.52836937985921 7.31189463627499
7.57048004397188 7.35405229747439
7.61086260781592 7.39419680014945
7.64901373107055 7.43262528964077
7.6879645757669 7.47108153866798
7.72407404018237 7.50740458071665
7.75910319256548 7.54307386548066
7.79552848324703 7.57939826190728
7.83553950446134 7.61995860320022
7.87556294044249 7.65993736010473
7.91920823781048 7.70371333989732
7.95799927561142 7.74195565319968
8.00144005799828 7.78559855768071
8.03673202494823 7.82159567943232
8.07737552832414 7.8622183125023
8.11785812124474 7.90206583172127
8.15755048525773 7.94206855377027
8.19763234571447 7.98269024738121
8.23906485278543 8.02378724704479
8.28097689955808 8.0653814458624
8.31364897555348 8.09792622235433
8.35163367908185 8.13613398588662
8.38802583423101 8.17282152599017
8.42694368749504 8.21208115690174
8.46647853430237 8.25173892895637
8.50271991214518 8.28806393671476
8.54115490425405 8.32581239659494
8.57872074149117 8.36282480983869
8.61651509494544 8.40111246936219
8.66027563165995 8.44395518929958
8.69549915462752 8.48009211613066
8.73282801608137 8.51715416365687
8.76736442807657 8.55155713644242
8.80074343657484 8.58512052045408
8.84049387441513 8.62465993061052
8.88089832306809 8.66480033475285
8.91653292864348 8.70069641755527
8.95837788885913 8.74194664003331
8.99269061430709 8.77622180095729
9.02768897908357 8.81141874625287
9.06641404878883 8.85051575770742
9.10306213671615 8.88684061511067
9.14760920963116 8.93110037950496
9.18740040964424 8.9710250576889
9.23297299078282 9.01687151214991
9.28101679510259 9.06467712327456
9.3254831447644 9.10928590103879
9.36329002242955 9.14715859315018
9.40881127124943 9.19208746211693
9.44502519952165 9.22835493982914
9.48492567390002 9.26833178265278
9.52788519721303 9.31097939553669
9.56719400507189 9.35006383312699
9.60581669027448 9.38868513423922
9.6519542529592 9.4343215924534
9.69669374552323 9.47874556987658
9.74720753151411 9.52955148760875
9.79651965985664 9.57952630462736
9.84447910687948 9.62782352339469
9.89081541027491 9.67408496690261
9.94173835427217 9.72428150060165
9.99610604394321 9.77858895399413
10.0433826157202 9.82651671395901
10.0921074078926 9.87544309451811
10.1433847129243 9.92703182020226
10.1935288646955 9.9768909458964
10.2431050619351 10.0263986537461
10.2903140182146 10.0733891906731
10.3428411156705 10.1258986398622
10.3935524823503 10.1765163315434
10.4429052227744 10.2256876944064
10.4938824794788 10.2771546617536
10.5451236856843 10.3284645863487
10.5942632101001 10.3772657161222
10.6427839158506 10.4256519280081
10.6916881220734 10.4749879644081
10.7374090246972 10.5210959676901
10.7869794599426 10.5698444269606
10.8302049193041 10.6139252553381
10.8766981694514 10.6600108088399
10.9264197292617 10.7091824873282
10.9762409225352 10.7589524258832
11.0231210006269 10.8050128793486
11.0663505908665 10.8484278143403
11.1087555728028 10.8908551210115
11.1487418482311 10.9312984169638
11.191963079832 10.9742488839165
11.2363034293621 11.0186487756792
11.2810336183537 11.0635395104374
11.317685551315 11.1003057257258
11.3621815035069 11.1442641078409
11.3983811178161 11.1798754023759
11.4405450074843 11.2225231941179
11.4814807608745 11.2638100970061
11.522583851558 11.3054992311785
11.5650673392453 11.347948798428
11.6096620395328 11.3923610521246
11.6604943370009 11.4422547544847
11.7094519120295 11.4906626399312
11.7546658363651 11.5360937989951
11.7981627238646 11.5793765169361
11.836674644515 11.6183822150884
11.873998338025 11.6558595351516
11.9144543586187 11.6959348228347
11.9553336270271 11.7367863952624
12.0052928320542 11.7863355588163
12.0547798370128 11.8360294558052
12.1081934688006 11.8894813507176
12.1578973710255 11.9395298972523
12.2127191113511 11.9939401944752
12.2687400370881 12.0500844436305
12.3231678388941 12.1047960417278
12.3789888334851 12.1608239746937
12.4321319624868 12.2138758209094
12.4844133478004 12.266326898141
12.5365447167261 12.3182826004687
12.5847688210661 12.3662477053707
12.6401654762365 12.4220256449145
12.6984579927693 12.4800931850745
12.7539087143709 12.5357054702348
12.8204119326014 12.6017883330274
12.8834117270221 12.6642714513615
12.9399866325121 12.7215359839433
13.0046021934175 12.7858515326851
13.0662213670369 12.8474035219938
13.1251353036947 12.9071330010094
13.185233335473 12.9667656018497
13.2400782372718 13.0212600008746
13.2950330529999 13.0757899455077
13.350645458325 13.1323877179632
13.4071360056015 13.1891762894122
13.4652225467912 13.2468176810974
13.5219423459338 13.3031240585217
13.5754942865696 13.3563422680249
13.6249830127292 13.4058077338326
13.6750983255792 13.4561002273235
13.7212172060046 13.5027173982233
13.7697414771733 13.5516926043856
13.8192029895819 13.6013705939322
13.8646116342219 13.6474447306679
13.9137054563152 13.6956893975622
13.9647411440079 13.7464544862043
14.019695250054 13.8012757733508
14.071796888889 13.8529869590093
14.1230087131714 13.9038709614051
14.1690064528701 13.9495729508704
14.2183375095835 13.9984919198411
14.2637593173248 14.0447170790105
14.3109993664018 14.0923222683085
14.3524239879471 14.1337330187646
14.4012367552552 14.1823025749822
14.443030040964 14.2241790894645
14.4904241487886 14.2715561648434
14.5457586234639 14.326688080729
14.5981522417207 14.3790698612652
14.65256499499 14.4334666677196
14.706334800485 14.4874164743911
14.7616675103179 14.5427848453746
14.8179483443934 14.5987895087634
14.872565961462 14.6535938425627
14.924789353079 14.7053625460437
14.9836626132442 14.7642284203867
15.0384820756035 14.8190080792083
15.0909109517081 14.8715323626959
15.1465119366178 14.9272504497464
15.1976595801165 14.9786830076037
15.255863799944 15.0365773607461
15.3100136320583 15.0913451453892
15.365482885977 15.1459940231722
15.4175494413053 15.1983685987868
15.4819808254058 15.2632089733599
15.5424101616891 15.3227856338841
15.6070415070443 15.3872154863858
15.6611961475644 15.4415009420786
15.7220073279521 15.5029145930692
15.7794697586759 15.5599991696574
15.838096491918 15.6182338034073
15.8988346961803 15.6786013127684
15.9542253007511 15.7339038417204
16.0090811997501 15.7893646659787
16.0566011716855 15.8376810278996
16.1090306823234 15.8894200874006
16.1592298835998 15.9396435186898
16.2197163113121 15.9999104926436
16.2688831883416 16.049042228503
16.3182432884083 16.0989960739029
16.364226821048 16.1446938211921
16.4136216704308 16.193935724268
16.4516447518305 16.2314204752923
16.5027656549907 16.2819003782289
16.5524077446204 16.3315356522971
16.595711762541 16.3757477851981
16.6436175730389 16.423286786402
16.6930504124982 16.4722594767583
16.7477181679385 16.5272438758344
16.8006902438058 16.5803268316609
16.8564933113341 16.635510730035
16.907830890418 16.6872240780014
16.9537853839095 16.7333562782978
17.005329297231 16.7846403330577
17.0622622132429 16.8416041732254
17.1174612405013 16.8974713965064
17.1724903515007 16.9522925440894
17.2255750860699 17.004738498263
17.2817359329917 17.0610608464477
17.3378404348691 17.11702186402
17.3951996353797 17.1744354736433
17.4552758950019 17.234443535728
17.510757835947 17.2896783542422
17.5737643445247 17.3530620311913
17.6293314641713 17.4084586563132
17.6949263660625 17.4742140455395
17.7577521637305 17.5371552193524
17.8251536178084 17.604456236349
17.8898550250806 17.6698458104294
17.9554844089056 17.7351406075465
18.0201272568726 17.7998251435007
18.0868067965171 17.8665692466586
18.150754750892 17.9307298481251
18.2158750982127 17.995281579012
18.2746692854831 18.0537664334878
18.335614453615 18.1151096851919
18.3982021013868 18.1772227458637
18.4696434644435 18.2483426401131
18.5368202668587 18.3155960150558
18.5997357199805 18.3781537522879
18.6655267678399 18.4435469979214
18.7335176611973 18.5110935567187
18.7969026673114 18.5750591790547
18.8637449774534 18.6421595517222
18.9233267551392 18.7025432972045
18.9796401400102 18.7589978523277
19.0364671403354 18.8155871689925
19.1039832272415 18.8829876951711
19.1621609062689 18.9414743594851
19.2295016673573 19.0089344359835
19.2910184373747 19.0707219680665
19.3422652734555 19.121402472708
19.3997139729123 19.1782755297269
19.4550299650391 19.2333875647779
19.5125761444038 19.2905886125815
19.5704116106632 19.3486583399166
19.629188210366 19.4075309149532
19.6980152919488 19.476924875694
19.7696412441546 19.5481529303181
19.8444997909402 19.6230484746533
19.9151111569769 19.693328259038
19.9836754821374 19.7614370902204
20.0569781205461 19.8344346449655
20.12390501911 19.902770017006
20.1870358916196 19.9655430799537
20.2471483187255 20.0259944737833
20.3109276005562 20.0895779612046
20.3828485055365 20.1615918172618
20.4563215662026 20.2351444871582
20.526504647506 20.3050333417799
20.5963072719452 20.3746727787875
20.662825515866 20.4411333370134
20.728101567689 20.5063222849011
20.7922922992016 20.5705463255718
20.8572662850615 20.6351877071407
20.9283060207912 20.7059447485185
20.9964481545843 20.7740328682451
21.0617969675904 20.8398150760996
21.1319650297734 20.9097785672162
21.2084582098367 20.9865032073851
21.2731769082378 21.0507350165727
21.3352064964044 21.1129731895586
21.3997554693316 21.1772645012813
21.4658802943115 21.2436154816647
21.5362023942922 21.3149081494259
21.6018002556309 21.3804413993175
21.6670041283575 21.4450268953562
21.7307707723702 21.5084200719851
21.7972947727317 21.5753905796906
21.8690467242134 21.6471088053908
21.9461105719276 21.724664406234
22.0336641143739 21.8116373919543
22.1149878601466 21.893214762767
22.1966538949101 21.9750454450093
22.2738983991051 22.051908957615
22.3607017433809 22.1389228508374
22.4331276858097 22.2118015499622
22.520373694089 22.2991987135472
22.6035714985284 22.3826759566336
22.6845388609033 22.4636814184741
22.7694076703156 22.5485752500016
22.8602593629822 22.6396555525945
22.9412422864199 22.7202881005767
23.019365847248 22.7974289749123
23.1033927328556 22.8812223655367
23.1845470388924 22.9619228117497
23.2658762734291 23.04367689937
23.3477636984545 23.1251151862614
23.4311861914731 23.2081900029065
23.5165945028002 23.2936218920118
23.5951623822439 23.3721186627165
23.6771834213871 23.454597880149
23.769078207438 23.545866374072
23.8525748763994 23.6292625502953
23.9365911782893 23.7133641130392
24.0175029763664 23.7945193387992
24.0966666620262 23.8739675279529
24.181302223262 23.9581763812893
24.2592261732119 24.0355711553327
24.3335705883904 24.1096698421005
24.409665041747 24.1857907098704
24.4959204365175 24.2725766756524
24.5778839700008 24.3545115874262
24.6683054815121 24.4449808628438
24.7515793271016 24.5287178998872
24.8415349322655 24.6185388928025
24.9282035413855 24.7051186453516
25.0137337883133 24.7907622653181
25.0955008612501 24.8725411337083
25.1796438038176 24.9564903143799
25.2672060822641 25.0446343334779
25.3444444516355 25.1211757582296
25.4277372385186 25.2041195881088
25.5142641393376 25.2908349968461
25.5992434604878 25.3760064901331
25.6895167995837 25.4655705391116
25.7793736744576 25.5554355386895
25.8787209673948 25.6551960924572
25.9738654675491 25.750147653933
26.0652694102622 25.8411037108401
26.1532409335233 25.9288192123171
26.2348090824566 26.0108041028992
26.3140013861703 26.0896709575532
26.3858723160785 26.1619252595755
26.4663385057693 26.2425670447095
26.5432984343719 26.3191714275116
26.61894041509 26.3950909874191
26.687190811048 26.4632992216426
26.7514107645289 26.5279900650353
26.8131042095216 26.5892056427501
26.8802771190491 26.6557439693153
26.9510434212617 26.7263669755138
27.0189122264392 26.7944381144192
27.0864824214963 26.862440848049
27.1611243680998 26.9363565675252
27.2422404759364 27.0175458805375
27.3166274627426 27.0920015182798
27.3970613575039 27.1723441452172
27.4693823887352 27.2453754936025
27.5398907730742 27.3164659232895
27.6163617571263 27.3930171561022
27.692500300786 27.4695280528562
27.7742650794325 27.5506252481065
27.8514260486855 27.6276099962772
27.9326070137755 27.7085759749998
28.0060652987386 27.7819130435838
28.0863088232893 27.8615719003263
28.167350474963 27.9424676641229
28.2478360942706 28.0227256580393
28.3348479312458 28.1098638678743
28.4197803011594 28.1949237267489
28.5048293886273 28.2798293355957
28.5944362639721 28.3700711190986
28.6841012870343 28.4596287143629
28.772832161458 28.5484389139042
28.8639375601972 28.6400682291962
28.9496041126892 28.7257047684296
29.0384838703543 28.8140818939377
29.1300616691192 28.9060184512945
29.2239456225267 28.9992746095065
29.3266359690963 29.1012299324085
29.4198175509465 29.1943376223789
29.5192311095211 29.294071606985
29.6188969793156 29.3933760262915
29.7272968672619 29.5003562642226
29.8248827654276 29.5983842011675
29.9293090648037 29.7020269087518
30.0343204377473 29.8071057220912
30.1453984084543 29.9182040007507
30.247659765294 30.0210733875073
30.3649897659676 30.1379678649142
30.4781268280419 30.2507800400463
30.5854898641861 30.3579061654676
30.6883957573462 30.4610211221722
30.7840774834785 30.5574014030842
30.8902668769973 30.6631281669746
30.9938101794766 30.7665885095667
31.1055069078459 30.8782335658427
31.2010356642256 30.9737227822464
31.309998938008 31.0820473276401
31.4102744046853 31.1824512992982
31.5125873892563 31.2856213421065
31.611346285654 31.3844410927652
31.7031105311472 31.4759769492357
31.7850832055033 31.5584193761678
31.880186030555 31.6529269108064
31.9660218526058 31.7390116851288
32.0554305963978 31.8274619069057
32.1559953519138 31.9275706242516
32.2545112899045 32.0268634204297
32.359381499078 32.1305894749347
32.4583332393087 32.2297633101161
32.5551918543926 32.3263376917853
32.6456081659425 32.4168548970772
32.7259511027673 32.4970931184428
32.8056182922754 32.576585412841
32.8811062095374 32.6521632919656
32.9523526741093 32.7240020996689
33.0284734734644 32.8000142350023
33.1006005934755 32.8714298693776
33.165501523719 32.9375362905519
33.2449638668626 33.0171520975127
33.3229516234998 33.0945451529138
33.3957378239665 33.1681219343494
33.464739935028 33.2368466680206
33.5400522181093 33.3121773382133
33.6133220435315 33.3850189411152
33.6864068415783 33.458456219825
33.7664249381832 33.5387542159202
33.850023601053 33.622062715062
33.9383786258047 33.7107039900681
34.0199746571557 33.7928516402373
34.0913036206346 33.8637811471405
34.1651010525131 33.9371160172007
34.2490171310579 34.0211878599503
34.3356302103799 34.107154438463
34.4246587173045 34.1966604977552
34.5108588350334 34.2824512009658
34.5886253352727 34.3603980977867
34.6731252814075 34.444613833667
34.7472422852602 34.518635248364
34.8240763803814 34.5947024704823
34.8957132657908 34.6662334239394
34.9720614107241 34.7423908729174
35.0397773773909 34.8098182263348
35.1126599488861 34.8825919179435
35.1783184798022 34.9488684562512
35.2561209964822 35.0268871252993
35.3429783631121 35.1140158259253
35.4181872291134 35.1893311858083
35.4854277303004 35.2563727196601
35.5607538310358 35.3322424841811
35.6430231119953 35.4140283421182
35.7222998800886 35.4929352050996
35.7980668288419 35.5688676259533
35.8738883160684 35.6441438051407
35.9541602874651 35.724832120136
36.0373156253852 35.8082973269815
36.119366290494 35.8901384053448
36.2023457037222 35.9736772652917
36.2792398134932 36.0508309873104
36.3559127077453 36.1275357907859
36.435871531992 36.2073724752788
36.5193391814291 36.2907798043259
36.6070277263845 36.3780882640505
36.7084659705082 36.4799064515551
36.8186396657948 36.5894543569535
36.9152750913396 36.6862816185684
37.0114408032066 36.782222564637
37.1139294474201 36.8846815593982
37.221606284248 36.9921974402815
37.323808235476 37.0943846255862
37.4213051538978 37.1913744208284
37.5251880162006 37.2953824532222
37.6280747225106 37.3986891689027
37.7295599680905 37.5001906340442
37.8422059606263 37.6132731611844
37.9469149063335 37.7176411628744
38.0512090081792 37.8216909124701
38.1545318936389 37.9252753860517
38.2489660809119 38.0201105071905
38.3327049022983 38.1032210536071
38.422009600596 38.1922343913046
38.5091580724108 38.2794125511078
38.6094657393518 38.3794273692343
38.6987971946213 38.4686849621485
38.7731866483067 38.5432704199971
38.8601671709434 38.63051799065
38.9450923553459 38.7152240389117
39.0273590149717 38.7981411464166
39.1143472407001 38.8856843037003
39.1953232384779 38.9662172222278
39.2787166257119 39.0497385235902
39.3474093676855 39.1182869557737
39.4148374227233 39.1860916279613
39.4797794723116 39.2507585953795
39.5399645179617 39.3107717363774
39.6127899817196 39.3837276622314
39.6855328994479 39.4571927159781
39.7573723259516 39.5287664628868
39.8282333832875 39.5994498133737
39.9046121308493 39.675409932237
39.9863136443958 39.756930866458
40.0602763412016 39.8311047260843
40.13846679664 39.9087105274627
40.2086878609578 39.9784966154596
40.2855178561646 40.055118763355
40.3558406961912 40.1256693761187
40.4276841690345 40.1977360670124
40.5015126607654 40.2717729900215
40.5663497362271 40.3366855768381
40.626473987747 40.3973169140362
40.6873385720541 40.4574076622434
40.7400705289058 40.5098339709442
40.7941368818009 40.5647828592493
40.8500712680225 40.6208387198184
40.9060226690919 40.676382963641
40.9675597095449 40.7377245465751
41.0303146851207 40.7999683538986
41.0833065278254 40.8532661818708
41.1407177404865 40.9107771000584
41.1972750753575 40.9668728567329
41.2495483575671 41.0194958477043
41.3113253984793 41.0805621097999
41.3745595816253 41.1436344781782
41.4437510226391 41.2131566281134
41.5103105493944 41.279693207747
41.5753262541602 41.3444512579567
41.6537003003364 41.4230462894669
41.7267021359775 41.4964707405827
41.8013698011642 41.5710340031718
41.8838227398744 41.6535429443022
41.9650386081031 41.7344492305933
42.037380185067 41.8071663740725
42.1174449031026 41.8867209400623
42.1870270883513 41.9565099592832
42.2574798818383 42.0275678165961
42.3218584470994 42.0917942315491
42.3819173339434 42.1513956837825
42.4455958726916 42.2147390085061
42.5051269390228 42.2743421265284
42.5717770672225 42.3411859546246
42.6381825720479 42.4072283198038
42.7015204417155 42.4704401114058
42.762866885137 42.5320289953105
42.8322516296163 42.6013412810946
42.8933447334929 42.6625209630108
42.9490247112313 42.7179571750876
43.0154501954224 42.7848665205002
43.0724810751874 42.8419537033345
43.1327449447678 42.901660840369
43.1925924317177 42.9620125533562
43.2607167733154 43.0301765026646
43.3283925076834 43.0980419852416
43.4049654571662 43.174772625636
43.4752980154861 43.2448393863702
43.5498036082758 43.3189366565597
43.6177543634954 43.3881804969751
43.6850272653985 43.4548034678942
43.7561105392535 43.5256010569801
43.8246711795517 43.5940083451844
43.8889727597965 43.6586671721608
43.958009705678 43.7279902439264
44.0289608557289 43.7986847325384
44.0947916821715 43.8643340052595
44.1729947456339 43.9431275844933
44.2506777237301 44.0202222044441
44.3224787730396 44.0922713607875
44.3973214494721 44.1675503188178
44.4601102084616 44.2302831761507
44.5328060621262 44.3030436239353
44.5955189393019 44.3653804844458
44.6775320189915 44.4470413070942
44.750994661891 44.5199428515302
44.8225879624438 44.5914775642437
44.8960929116217 44.6652528278848
44.9649616063746 44.7341152283811
45.0404621609064 44.8091871214091
45.1155901378253 44.8846866983373
45.188831135223 44.9574008893566
45.2492834637571 45.0181847780705
45.3061037531864 45.0748389626249
45.368609609026 45.1380171832757
45.4288007827017 45.19757409414
45.483467500486 45.2520151995038
45.5371206736068 45.3044723360306
45.5935294844634 45.3617404477336
45.6483480365163 45.4167345053974
45.7009704141081 45.4694907439569
45.7715140741609 45.5400004555092
45.8423984353202 45.6104799684769
45.9292741256767 45.6976019457085
46.0080882026093 45.7760213073519
46.0914226479607 45.8594789519792
46.1708776865512 45.9388790154646
46.2458952089103 46.0135090292578
46.3229316118751 46.0909051433533
46.4027521392327 46.1704445724132
46.4877852174002 46.2554220318057
46.571872327705 46.3399062672992
46.6582655011463 46.4265804513726
46.7386336940179 46.5068180281597
46.8236201977532 46.5919370827648
46.8972120142802 46.6657534388822
46.9801604590696 46.7486897930861
47.0645364009248 46.8331936078538
47.1539202767761 46.9216226828198
47.2353067465663 47.0033448427308
47.3264757610354 47.0945096016449
47.4121862187374 47.1798808745663
47.5094422586819 47.2767572925071
47.6030827710679 47.370711636509
47.6894133910836 47.4573942407614
47.7783025885567 47.5470860399208
47.8698349301981 47.6382276080392
47.9535051923437 47.7217796302685
48.0406040249845 47.8093754500217
48.1256743527561 47.8945751452079
48.2022214209002 47.9707735008837
48.2764759635237 48.044308656561
48.354467636643 48.122792197276
48.4428759976772 48.21107324436
48.5277450592818 48.2964554805616
48.6085145165658 48.3769471391908
48.6985215268494 48.4671045857609
48.7953088085673 48.5641584563483
48.8939669851189 48.6630632583265
48.9805615184735 48.7496105924143
49.0639932160371 48.8327547694702
49.1521330693806 48.9210606807688
49.2414161027378 49.0095939896073
49.3169122483549 49.0850752310116
49.4002895114713 49.1682027594346
49.492127681692 49.2597035504421
49.5724281823196 49.3399228307555
49.6574927470385 49.4251104296766
49.7283687854659 49.4957298379668
49.7929355833951 49.5596304690074
49.8574917320248 49.6241121201178
49.9224894515146 49.6898182895309
49.980282540497 49.7466286256153
50.0387911361556 49.8046779281788
50.1019080703329 49.8677269608194
50.1524040656128 49.9185706155931
50.2203130653857 49.9862916475403
50.2802776430553 50.0469843274851
50.3499888345728 50.116095713244
50.4118702918189 50.1783764654149
50.4770192339762 50.2434933336007
50.5444140285438 50.3105742317568
50.6150295305902 50.3814969293755
50.6918995791341 50.4579055054171
50.7711649194314 50.537604085447
50.8546184978343 50.6206395511036
50.9360622987901 50.7021218350104
51.0108397027602 50.7762226958072
51.0915328230502 50.8565695041726
51.1735382233568 50.9390039538635
51.2580103942006 51.0233311848364
51.3369945913474 51.1023022338148
51.4059194722311 51.1712765437336
51.4858697265354 51.2511679472674
51.5537194781343 51.3194800553118
51.6244864947295 51.3897282515437
51.7012651157841 51.4665323635542
51.7789682660641 51.54421473377
51.8667881095737 51.6322601037758
51.9501553049206 51.7157871565443
52.0340824395395 51.7999186035408
52.1332750500792 51.8988510472668
52.2276131719628 51.9929828167739
52.3155300610915 52.081129750167
52.4125314611806 52.1778371827677
52.5238340074031 52.2891901282323
52.6201157266468 52.3857445469386
52.7052841837638 52.4704911689651
52.8061165152736 52.5709407985544
52.913089125457 52.6780101692842
53.0110804901814 52.775690082019
53.1158626459796 52.8808757012477
53.2064338827726 52.9722430901785
53.3012168235818 53.0669048991333
53.3908647441536 53.1561328847253
53.4825709487545 53.2475536221115
53.5840770247396 53.3485997139092
53.6844678388692 53.4489893429124
53.7900127828688 53.5547573250891
53.8913013833242 53.6562014370569
53.9921880909989 53.7562918500369
54.0962324695164 53.8607376340361
54.2084306560807 53.973271283447
54.3163777410088 54.0810241433541
54.4136486222969 54.1780480613962
54.5112598662355 54.275347816769
54.6024890019063 54.366680252882
54.6981434260417 54.4628751557723
54.7908814762876 54.5557025994519
54.875191513805 54.6396515040305
54.9548963812384 54.7189193131371
55.0486451816157 54.8123644259419
55.1356841940713 54.900306319824
55.2230621804303 54.9885214994729
55.3182161764004 55.0837355828752
55.4121101237016 55.1770790165169
55.5021835483081 55.2675456272864
55.599822484992 55.3649285651452
55.7000545119648 55.4643293881946
55.7988974106079 55.5637541630343
55.8994822520244 55.6646156311663
55.9979956461443 55.7628338871495
56.0917643781451 55.8567703815862
56.1785447099474 55.9426197586795
56.2729967253836 56.0376172321342
56.3756701934697 56.1403456430285
56.4727985713435 56.2380218196219
56.5765933456123 56.3415427334192
56.6701185672883 56.4350066738316
56.7415622985905 56.5060302165659
56.813399179837 56.5787455589898
56.8944514319748 56.6591639990855
56.9798270216904 56.7433746709334
57.0715498124634 56.8351665228359
57.1515447318292 56.9147492197078
57.2322580168901 56.9948642007242
57.3024170207154 57.0655180591087
57.379398137562 57.14257060479
57.4602987719563 57.2229991856734
57.5397112040793 57.3032037719877
57.6071680385802 57.3708152357418
57.666771394391 57.4303410778776
57.7369435695529 57.5003586479335
57.8094237926881 57.5725421167158
57.8822410480469 57.6456566355142
57.9446998983247 57.7076502216222
58.0019861258975 57.7644409029767
58.0685271280661 57.8313390511827
58.1301085343895 57.8933207470626
58.1927707457254 57.955626398853
58.2613307017588 58.0237023720186
58.3364819262082 58.0990904157491
58.4072894055838 58.170420325709
58.4880036070406 58.2507582667367
58.5577799508494 58.3203786655842
58.6292945795515 58.3919085365348
58.6989909526316 58.4615415057503
58.7791858729862 58.5417144863437
58.8588986864095 58.6214338300864
58.941308365741 58.7039887446962
59.012575929532 58.7752747789908
59.1009075408878 58.8634037158502
59.1857228859384 58.9480625121925
59.263668887882 59.0261455132164
59.3498960105608 59.1120428448997
59.4339399518102 59.1963675674297
59.5095712397711 59.2720539674636
59.604417309459 59.3668909999453
59.6940348440242 59.4564611770867
59.7718029145426 59.5335040502047
59.8566711956587 59.6192130095066
59.9410185056713 59.7031971960203
60.0191617417332 59.781627253129
60.1111930072614 59.8741370450099
60.1964737213144 59.9589430044688
60.2770116971703 60.0391893510247
60.3683632255802 60.1306726723867
60.454011308276 60.2165562869176
60.5382529145265 60.3010149331365
60.6326568264974 60.3954581847287
60.7205958522629 60.4831134520054
60.8056214375491 60.5678361529123
60.9076931602577 60.6696434958754
61.0037443387078 60.7660441940568
61.1003335035891 60.8628643548967
61.1891853893071 60.9513478101281
61.2752811173619 61.0370365778454
61.3663698284597 61.1282066067557
61.4619560429053 61.2240856068028
61.5598294845794 61.3216217897199
61.6719781372121 61.4338366194431
61.7790425162353 61.5399185398824
61.8749162804867 61.6355697252794
61.9791975993048 61.7401235672754
62.0818711840329 61.843023704641
62.1881849394012 61.9491651543941
62.2934140065729 62.0543312555821
62.3977205729902 62.159096319411
62.511322591945 62.2716977519991
62.6285357548414 62.3892996486663
62.7368287245554 62.4975257211773
62.8383191965403 62.5994826279828
62.9462181466105 62.7072814186165
63.0388289084821 62.7990212321471
63.1294404190398 62.8899667657781
63.216156684663 62.9769567730877
63.3055587931494 63.0661679523781
63.4019396299573 63.1616140130631
63.4993239361788 63.2593256683145
63.6030773917539 63.3631544948479
63.7049280967497 63.4657043142906
63.8076595132724 63.5683156374037
63.9172385663111 63.6773673783037
64.0171464791087 63.7774418689518
64.1156534177354 63.8755119079006
64.2063875663959 63.9664708932873
64.3117340980574 64.0719800924899
64.4044558455671 64.16373179426
64.4744608082883 64.2341817018481
64.550157616949 64.3099343766387
64.6300785544973 64.3898776734776
64.7044298970485 64.4639555288713
64.7771590540769 64.536269833624
64.8421549847145 64.6014786191025
64.9076111660907 64.666327358141
64.9715511827898 64.7302214589682
65.0282639045093 64.7865487169496
65.0789947476884 64.8377253725327
65.1280865713904 64.8874977349996
65.1952926444665 64.955068523956
65.2563155132601 65.0162349631414
65.3184284004729 65.0783650607384
65.3631600198255 65.1232075066949
65.414556546844 65.1748366238331
65.4663183854905 65.2267150498145
65.5209571616592 65.2807639405454
65.5784559207406 65.337999640237
65.645817253139 65.4053400194482
65.7048717520363 65.4645665646087
65.7686021596603 65.5287938805067
65.8243794542562 65.5844464845151
65.8853051287731 65.6451602305443
65.9466733470723 65.7060082564448
66.0192233894612 65.7781587403681
66.0904784672689 65.8495306614031
66.1623056133627 65.9218046839988
66.2336113677069 65.9929827024121
66.3024786150076 66.0612650542296
66.3798008442335 66.1387679778746
66.4590990408998 66.2180815217619
66.5360823528574 66.2952967291275
66.6123343590618 66.371503620022
66.703252235649 66.4621989018405
66.7739363836229 66.5329785879074
66.8533331423022 66.6124136111004
66.942321987129 66.7017299941901
67.0130238819451 66.772825171946
67.0916004082755 66.8509626196258
67.1716218873362 66.9302766748097
67.2552398288541 67.0131183254796
67.3385289618261 67.0969445880894
67.4254504555193 67.1845578890761
67.5092509875352 67.2683313995426
67.5930767022021 67.352341463183
67.6796791029048 67.438573507154
67.7551842817799 67.5137465865408
67.8414099781161 67.6001262546023
67.9197188654344 67.6785386584323
67.9993378780876 67.7585441691616
68.0842743064115 67.8425771590877
68.1691382977768 67.9274144272339
68.2543327931387 68.0129561575923
68.3406645567643 68.0990799457935
68.4344290968002 68.1925769153559
68.5238346699521 68.2823254443302
68.6275681966803 68.386340434428
68.7093098765533 68.4674899617326
68.7993268098312 68.556723889378
68.8808261923084 68.6386006423359
68.9627224459558 68.7213601013619
69.0394534453681 68.7980761358491
69.1281806594614 68.8873557645871
69.203069944908 68.9614746113471
69.2613564405233 69.0198565831568
69.327727138299 69.085749784923
69.4018165558147 69.1597923184481
69.4619795836874 69.2205518329088
69.547464497473 69.3054826105435
69.6135765435235 69.3713006517192
69.679148921017 69.4371721315627
69.7501327761379 69.5082850207556
69.8163993781437 69.5740174517175
69.8792880457084 69.6360479835209
69.9349844755253 69.6932410756432
69.9869738656693 69.7457773675116
70.034484624759 69.7934051071282
70.0939018495507 69.8523289414069
70.1484958283011 69.9071008100112
70.1998454145776 69.9587434937729
70.2506579991384 70.0086317154631
70.3147210635621 70.0725828974744
70.3861707273273 70.1442565702551
70.4544039143548 70.2120470260143
70.5207328425369 70.2792735483179
70.5822061593891 70.3403326196991
70.650716651372 70.4085137403498
70.7145679761896 70.4725675841337
70.7789070836289 70.5363680982735
70.8583289691022 70.6152269070714
70.9314140742962 70.6886236322723
70.987165708457 70.7445523932411
71.0508481830722 70.808007918459
71.1156384499397 70.8723688686018
71.1763627268534 70.9332856017744
71.2378432889617 70.9952005927267
71.3170512800534 71.0744846292042
71.384390302515 71.1416227136807
71.4569324126952 71.2138735541352
71.5347317368429 71.2910557339264
71.6008575727513 71.3570651115028
71.6734634559365 71.4300423252844
71.7436841057694 71.5011183633763
71.8202851118639 71.5772807457952
71.8928925954852 71.649003654229
71.9661244503059 71.7225684555436
72.0458695865951 71.8018419132792
72.1295071044612 71.8851959294357
72.206100377575 71.9617722287006
72.2882564670988 72.0442389141381
72.3878631759715 72.1438552629705
72.4797050348189 72.2360171105248
72.5630265299773 72.3197861847535
72.6454339414767 72.4020174526314
72.7295485987349 72.4853247730553
72.8210899999415 72.5766750282325
72.8972784931994 72.6530646171568
72.976617902508 72.732597579223
73.0535154613705 72.8092517424482
73.1276757570237 72.8826876537004
73.1935313056686 72.9488383805408
73.251768332294 73.0071322381349
73.3197793344937 73.0740413706521
73.393479380514 73.1479649587332
73.4711276749829 73.2260027784222
73.5409356687362 73.2955742889133
73.6071695750322 73.3614075437731
73.6674042840375 73.421821983354
73.7466121125479 73.500918485658
73.823317944386 73.5780948364796
73.9029040936992 73.6574126310852
73.9821893169326 73.7367821900581
74.0626815313124 73.8167652959771
74.1411397363229 73.8951546644781
74.2267382934529 73.9806729257966
74.3016231360621 74.056135924342
74.3758073060594 74.1305082748222
74.4504717865621 74.2059505517475
74.499338946139 74.2548397695034
74.5407930178937 74.2970073490559
74.601130643072 74.357153446202
74.66459736718 74.4203336195113
74.7297813143477 74.485604179298
74.7796505028837 74.5353005661866
74.8232126289891 74.5785386209151
74.8580615683076 74.6138883808435
74.9099520823582 74.6647587043124
74.970355579162 74.7257863070566
75.0319672186124 74.7871896471699
75.0962370889529 74.8510548212975
75.1677093083783 74.9217169910089
75.2307558985994 74.9846719302767
75.2940141484902 75.0479817112543
75.3572585579379 75.1115168966045
75.414876146178 75.1695377775015
75.4878278445966 75.2426580142948
75.5703150778332 75.3253517189111
75.6508994589399 75.4054633720978
75.7344570449445 75.4888612494882
75.8129166195598 75.5671010829494
75.8988941946445 75.6525897031615
75.9808564138486 75.7341772451406
76.0552691604517 75.8091860142644
76.1459480046087 75.9003477361306
76.2298982998645 75.9843230097868
76.3080579972025 76.0634466542775
76.3787525452922 76.1349750207489
76.4563959677117 76.2123154688644
76.5401690707593 76.2952886167009
76.6081949801275 76.3638612830651
76.6866461070582 76.4416233144061
76.7732439202055 76.5285019540985
76.8488974078146 76.6033730193061
76.9264922396396 76.6813556716702
77.0082965413908 76.7627629744268
77.092264912321 76.8460505152654
77.1730258046754 76.9271254322666
77.2723750547117 77.02607476392
77.3768267867205 77.1311080467326
77.4713680040186 77.225645981406
77.5646917542328 77.3185654770407
77.654768824132 77.4088828713061
77.7446615822458 77.4979207935148
77.8447004648855 77.5977055241259
77.9426517544349 77.6958686931817
78.0373055287295 77.7903670093834
78.1382809499155 77.8917142409498
78.2273979711241 77.9807651900778
78.3080690008318 78.0615592748265
78.3889935110628 78.1428077666817
78.467105068452 78.2211550062586
78.5322275711231 78.2864340992647
78.61436764751 78.367896659312
78.6845609502693 78.4372656616707
78.7602174963653 78.5125832780617
78.8280732244612 78.5817804209356
78.8923238168297 78.6456811087716
78.9469205395619 78.700011795171
79.0098828288401 78.7622710348276
79.0727190233379 78.8255974880324
79.1428212607747 78.8961894336315
79.2146263279351 78.9674075845438
79.2949988242371 79.0475738109604
79.3685360554265 79.1215107106387
79.4286825657535 79.181575490573
79.479770920783 79.2330897737988
79.5492497566137 79.3029315801061
79.5992010201783 79.3522716150249
79.6611200183104 79.4144690425465
79.7134737264232 79.4666525739014
79.7673924055011 79.5205655018119
79.8006266235574 79.5533927377325
79.8408544528127 79.5932304169348
79.8885819952704 79.6404854775232
79.928792979182 79.6804249419655
79.9817627518969 79.7340359972194
80.021977290876 79.7745290595112
80.0716834510388 79.8244358599924
80.1169688469927 79.869974742879
80.164057638431 79.9171643696947
80.2153181016663 79.9684526015703
80.2746984099538 80.0274020703012
80.3437933392715 80.096775250645
80.4300307595653 80.1828944587652
80.496412278081 80.2492685001552
80.5766986913683 80.3292074383033
80.6396614487455 80.3918193752777
80.7188185932852 80.4713360058367
80.8038251603027 80.5560787155687
80.8720825262147 80.6252891319334
80.9528249458665 80.7056842280846
81.0182637454401 80.7706438939336
81.0792082474769 80.8310395316728
81.1425488760517 80.8953525631218
81.2251229414828 80.9777793524483
81.2978180965592 81.0505992187499
81.3703395556145 81.1233950869888
81.4418290206664 81.1948115827797
81.5203785174429 81.2732817972009
81.5979001811899 81.3500757341341
81.6614440879707 81.4132436677654
81.718865889482 81.4710766977462
81.7919243998643 81.5441288271747
81.8617513133949 81.6138290248489
81.9214591372525 81.6729747606074
81.9794644198458 81.7311005978139
82.0447975367959 81.7965036433558
82.1130577775036 81.8648357675882
82.1838135918837 81.9353264696618
82.2550913894759 82.0067680576219
82.3191809388801 82.0714187730633
82.3610066891014 82.1132832018307
82.437320121992 82.1896982838623
82.5053502484172 82.2570473982851
82.5733332176406 82.3246372647739
82.6393551603269 82.3903515784399
82.7126953707125 82.4639233026971
82.7754043017526 82.5261800962239
82.8458531017247 82.5970337866995
82.9179219992081 82.6685492947469
83.0007159211671 82.7509421835148
83.0716910702587 82.8219161574526
83.1577986963587 82.9079099931467
83.2374258913 82.9875826693989
83.3179003477588 83.0676758433284
83.3859217495078 83.1356164666128
83.4562348003224 83.2063031960187
83.5319811148016 83.2822600635659
83.6046133127028 83.3547269320695
83.6705649341537 83.4208814895564
83.745381646332 83.4955417880423
83.8225625703464 83.57357484262
83.8962330996096 83.6467447671945
83.9701531222076 83.7205764454844
84.0429387837042 83.7931501402297
84.106788414209 83.8572105549807
84.1728400804387 83.9233992209813
84.233836664131 83.9846637920377
84.3021115097095 84.0525619988058
84.366236390501 84.1166985883024
84.4237899323135 84.1743477603648
84.482696316956 84.2332000882294
84.5242184159013 84.2748897634239
84.556373918892 84.3070153514421
84.6051392016475 84.3557702895198
84.6586175290983 84.4090034932553
84.6986578384321 84.4490849008096
84.7477442587845 84.4982340101959
84.7908723822226 84.5415734351604
84.8442504264525 84.5940461161957
84.8985634055428 84.6491808054964
84.9677885311492 84.71793898071
85.0551335564663 84.804792272417
85.1227655189062 84.8730772184863
85.1959432093604 84.9470545150473
85.2608590135172 85.0116346782479
85.3224354897939 85.0728954611192
85.4027173487312 85.1527579821118
85.4844320901227 85.2346355677786
85.5701835699418 85.3199300850519
85.6738006864265 85.424300130676
85.7694749430227 85.5196137056372
85.8668178272068 85.616653233619
85.9593038554381 85.7087447744266
86.0513948987392 85.8011126848718
86.1473313440748 85.8967407015358
86.2536697296104 86.0036041101926
86.3519391393819 86.1010909341746
86.434476662478 86.1829926479237
86.5159612006262 86.2648286389974
86.6051890088053 86.3539362333235
86.6890203936474 86.4379882386549
86.7539575295179 86.5029401510895
86.8386799150785 86.588052297657
86.9197138993311 86.6688785243541
87.0046528507421 86.7538979525177
87.0733868429857 86.8217967509278
87.1494751260584 86.8978679740534
87.2316903504196 86.9798684176628
87.3099844980042 87.0583715000806
87.3790933888985 87.1283915296895
87.449133123763 87.1983748150695
87.5135339723639 87.2628867832691
87.5817635202933 87.3312296504859
87.6426877619229 87.3920678643999
87.7060811066743 87.4553913703458
87.7529548460378 87.5019388719416
87.804930989028 87.5533468390146
87.8656181270408 87.6144413590353
87.9279449968815 87.6758774091138
87.9775861575162 87.7257209096274
88.0117710149564 87.7597495894799
88.0741156367316 87.8223769933927
88.1277003655439 87.8756296485854
88.1781907433767 87.9257593618937
88.2321801017419 87.9797977163726
88.2747675951515 88.0229776567004
88.3187791466678 88.067068012228
88.3722481024896 88.1202081472519
88.419866233068 88.1683681416884
88.4755115695449 88.2242268697169
88.5135748071839 88.2620403275146
88.5642977372147 88.3130888689109
88.6078584233793 88.3568098818273
88.6520315908302 88.4008157620101
88.6972009339139 88.4466057345422
88.7530318836605 88.5023893262475
88.7957775962748 88.5444797546574
88.8651628312955 88.6136389690694
88.9248164885539 88.6725778775917
88.9957962051938 88.7437546146312
89.0618709086922 88.8087550782286
89.1271802845134 88.8740081302525
89.2116100182007 88.9592275487546
89.2900190649534 89.0374448917533
89.3672735231173 89.114353065975
89.4551509269494 89.202033316675
89.5497937503997 89.2965260765762
89.6423038373416 89.3895385671058
89.7279564838222 89.4743477586964
89.8019553672222 89.5487553278887
89.8944929398612 89.641030898235
89.9625388686397 89.7095339803846
90.0332750571414 89.7803864863841
90.092078938048 89.8388371688892
90.1551497631755 89.9023659596026
90.2212339393664 89.968337984305
90.2863503795775 90.0335854228566
90.3388696671011 90.0861988760919
90.4021319891174 90.1491987175667
90.4550481199279 90.2018919039788
90.5076134574705 90.2541558533155
90.5574420177833 90.3042401825917
90.6078523794647 90.3541772149196
90.664868818972 90.4115210225198
90.7096419192345 90.4568793236682
90.7513622851365 90.4982254550299
90.8036398646995 90.5506554660788
90.842535149946 90.589625162853
90.9004499834449 90.6476281729415
90.94967224434 90.6968228427527
90.9976916888806 90.7449564609816
91.044787008989 90.7917797612946
91.1008934884003 90.8478790717298
91.1550448720972 90.9020932357681
91.2051046976474 90.9519892927882
91.2757945430263 91.0228360964727
91.3422864452062 91.0882748345302
91.3955665728878 91.1413187446553
91.4597154959465 91.2059044289774
91.5157150194631 91.2622928257774
91.6009417842014 91.3469023271351
91.6696950098216 91.4162308592248
91.7410979241128 91.4869857347268
91.8168240318733 91.5631304322834
91.8903842921461 91.6361933808401
91.9485738022912 91.6941970531529
92.0164551155267 91.7620215993954
92.085129756369 91.8306925328085
92.1441578193812 91.8897371477029
92.1990971327444 91.9448388928736
92.2569620682434 92.0023316244222
92.3078539057284 92.0527116703619
92.3610014644223 92.1068875332539
92.4081045509969 92.1536823344744
92.4601811838648 92.2053281119284
92.4987305078559 92.2436807184538
92.541311537453 92.285314051499
92.5826137627102 92.3269343644367
92.6402790763422 92.3846520025647
92.681739127357 92.4260998750986
92.7278778660412 92.4726844362618
92.7780346149432 92.5229413897681
92.8173315261869 92.5627031022554
92.8545053510672 92.5995191740419
92.8917132247297 92.6364552278542
92.9374353419493 92.6823107554604
92.96805284854 92.7126836460179
93.008227924779 92.7527592406329
93.0401355953301 92.7841797749275
93.067134168915 92.8113859625183
93.0967009183186 92.8409796213232
93.1001794230655 92.8446181849602
93.1312248169978 92.8754309867166
93.1579935583613 92.902133797902
93.182638708906 92.9264633517584
93.1975405025886 92.9398408654883
93.2036676280662 92.9463844050989
93.2245258321198 92.9673835837666
93.2409597295088 92.9839115092836
93.2625949892048 93.0054573158939
93.2694974107706 93.0128663778607
93.2721114090832 93.0155589235834
93.2855730198259 93.0282907323942
93.3014649831624 93.0448311156075
93.3074986582679 93.0507296972286
93.3114481480487 93.0544535289329
93.3151981132742 93.0584027580113
93.3270783791171 93.0700963935865
93.3295273839795 93.0722643854498
93.3346880272128 93.0778905886502
93.3637134564797 93.1071169396347
93.368549341515 93.111582555408
93.3898318344659 93.1327114454443
93.4054009925478 93.1475969134523
93.4131567768008 93.1559044698178
93.4274623187342 93.1696814759246
93.4508829370392 93.1926363619531
93.4764591001501 93.2179338870529
93.4943363960208 93.2357549088211
93.5051192863408 93.2468424341238
93.5424776305796 93.2834395459505
93.5720384583238 93.312681289493
93.59572156771 93.3368916037645
93.6288259974043 93.3703049441058
93.6596260765014 93.4005474706696
93.6981195118479 93.4392643608742
93.7291486620068 93.4707894497906
93.7599603263627 93.5011997803518
93.7892460766534 93.5304435227868
93.8140345948837 93.5555959223383
93.8237394747428 93.5649596590746
93.8602849327965 93.6009057513615
93.8812029478628 93.6225684740283
93.9017241615125 93.6424683016522
93.924170278992 93.664876656455
93.94271566551 93.6832713520575
93.9666269586875 93.7071317444805
93.9812529616532 93.7219944879082
93.9852899935126 93.7250913396276
93.9781974772631 93.7176460873672
93.9777488861694 93.7168494483293
93.9763105759591 93.7152232122671
93.972203434016 93.7115208864294
93.9666474510366 93.7065267511195
93.9788587880359 93.7195984907482
93.988331903363 93.7282239892629
94.0047964240011 93.7436773167884
94.0032544581885 93.7419338760361
94.0281259058272 93.7670648377432
94.0306723539006 93.7697726909365
94.0467108180003 93.7854703070314
94.0757192725719 93.8143943963803
94.0982095813295 93.8366548939815
94.1275123942738 93.8656813635519
94.1340305734597 93.8723327780778
94.1472553511502 93.8855315080708
94.1671381137003 93.9062725280138
94.1735080115101 93.9126807756497
94.1663766313529 93.9053186934312
94.1800080248588 93.9184877262831
94.2009052213762 93.9392365147413
94.2229047097928 93.9617377726188
94.240725878005 93.9796623065191
94.2560117774991 93.994929195834
94.2611160801153 94.0000948503868
94.2783125106055 94.0164528624627
94.2929341201354 94.030355759972
94.307535747975 94.0453535873071
94.3088983394695 94.0464768321113
94.3140273048149 94.0514773755286
94.3259915401691 94.063183868157
94.336193636782 94.0736079880654
94.3397784497443 94.076904438045
94.3305633552585 94.0682995483034
94.3325972362133 94.0700705503237
94.3349910868747 94.0731731050627
94.3444109078762 94.0824162417128
94.3366254951774 94.074705675956
94.3350279981139 94.0732016245171
94.3248834576135 94.063113574866
94.3165512557623 94.0549289693496
94.2979569914381 94.036528812955
94.2981691861762 94.036456121113
94.2994737273552 94.0370678167167
94.3058581510307 94.0427295817067
94.3048381602954 94.0419305689499
94.3103429067969 94.0469132349651
94.3008592959053 94.0373080832312
94.3105112929957 94.04679191601
94.3093495343284 94.0461143899546
94.3056636572659 94.0419162624637
94.3023371200122 94.0390344614206
94.2984226953429 94.0349202499944
94.3091688950137 94.0462268106111
94.3152602783396 94.0519843270984
94.3290326086846 94.0649578184076
94.3397348372409 94.0753873326399
94.3435836392138 94.079646947365
94.3677987984336 94.1037155562308
94.3830877879546 94.1189107550899
94.4035769176173 94.1393797914918
94.4380804960144 94.1739685912635
94.4586185244449 94.194032471207
94.4653839077926 94.2008968938573
94.465350262075 94.2007637985087
94.4795757409491 94.2143229498703
94.4876756313333 94.2226739106676
94.497790458708 94.2324786342455
94.500310489405 94.2351064537911
94.5014136716564 94.2364872218987
94.5105600914769 94.2447597944534
94.5124134310635 94.2465291322029
94.5124136271328 94.2473490531278
94.5058625374116 94.2404838200551
94.5049472386378 94.2393347267134
94.5139120606721 94.2480650063487
94.518504763194 94.2521296673918
94.519590933489 94.2531916407887
94.5139564234053 94.2473052637486
94.5210056505955 94.2539248341373
94.5281456930689 94.2618164511212
94.5274135432126 94.2611039442197
94.5172723328736 94.2508064020022
94.48863382535 94.2222205533115
94.478873821432 94.2120299058114
94.4535575045699 94.1864717075146
94.4269102981508 94.159266436163
94.4069897250198 94.1393782391748
94.3833534413628 94.1157095122046
94.3593189513531 94.0909086646114
94.3374817269672 94.0694348957075
94.3124691400321 94.0438247407041
94.2955442443213 94.0276587266636
94.2754128608711 94.0068695432692
94.2750537370207 94.0069259483395
94.2923396921191 94.0243847379664
94.2856765199747 94.0180260776671
94.2798328009368 94.0120070952217
94.2772531871676 94.0097407664094
94.279826734895 94.0124160311211
94.2865950743504 94.019704483026
94.2891919025103 94.0213846598585
94.2780061631391 94.0103385867576
94.281531890332 94.0136548585598
94.2808736758201 94.0126184733141
94.3021176121241 94.0332300925711
94.2974516194326 94.0283412581951
94.3092052438683 94.039951235427
94.3211483378993 94.0518505196859
94.3387218639303 94.0686080034902
94.3520360105455 94.0814392723896
94.3694686009041 94.0988202380891
94.3989435306655 94.1283262662248
94.4075438980144 94.1371452281425
94.4394755554038 94.1693479553936
94.4635470807616 94.192442666994
94.474948538148 94.2039578834374
94.4934404980252 94.2226889804673
94.4961373540762 94.2246385016572
94.5240572634897 94.2533494252725
94.5472845720936 94.2767225660567
94.5729122572196 94.3021171832848
94.589880536006 94.3192413607645
94.6132835761426 94.3428375149881
94.630570642902 94.3600565855515
94.6514781004494 94.3806024972254
94.6811521960443 94.4096448459993
94.7144674799732 94.4429833188692
94.7458114507722 94.4737833711522
94.7783633500517 94.5062560923992
94.8094688034471 94.5376757413634
94.8525083763317 94.5806927185563
94.8729932777049 94.6007484614861
94.8900513950266 94.6179901737962
94.9084238104386 94.6362659304604
94.9203235695813 94.6481158164457
94.9383601320703 94.665398334875
94.9427499432846 94.6703186819535
94.952928776727 94.6808944007805
94.9519736231566 94.6797823184545
94.9553628181564 94.6828168526574
94.9579649094547 94.6855724746274
94.9483231722575 94.6753506575485
94.9456716880613 94.672916936081
94.9427170421209 94.6703885087487
94.944064018199 94.6711485431883
94.9545390449954 94.6822569590355
94.963016506783 94.690348685038
94.9501631259716 94.6769205235379
94.9689330525733 94.69531143491
94.9871783562041 94.7141713745696
94.9978278981428 94.7243114715326
95.0210242181195 94.7470752823548
95.0416596221798 94.7675517616753
95.059589809905 94.7859743230049
95.0718047748508 94.7979716087052
95.0803618720787 94.8066041283873
95.0864275891338 94.8118416570397
95.1015613916525 94.8264915497382
95.1157657117184 94.8401279061911
95.1320765241094 94.8553935561117
95.1391233641587 94.8627439110127
95.1460515755114 94.8698014912176
95.1587125993638 94.8821460936042
95.1664035964203 94.8900379162579
95.1685010825601 94.8918505662618
95.1603716322416 94.8845916316241
95.1612525991852 94.8867710051483
95.1640643047258 94.8895572534326
95.1686980997034 94.8937755940704
95.1762271943419 94.9006564721627
95.1881173737583 94.9123603163197
95.1862734168985 94.9111910714608
95.1804920645571 94.9059310159673
95.1806283980635 94.9061279105591
95.176771427079 94.9021713991775
95.1696373768978 94.8952038487729
95.1869586560903 94.9125517290634
95.1847024629341 94.9098772470937
95.1942767479226 94.9198086347212
95.2102237476458 94.9352423339315
95.2287595282226 94.9534930583812
95.2448537401086 94.9692978877652
95.2507696662866 94.9755923135487
95.2477542835776 94.9727768329049
95.260202803001 94.9847474580971
95.2517510870254 94.9762994050575
95.2566189759735 94.9810095662048
95.2550591145816 94.9785269199356
95.2573728309105 94.980816345005
95.2621295177734 94.9845511679437
95.2571863563058 94.9791726086905
95.2729165323594 94.9955029484422
95.2827923781285 95.0048880677411
95.2868115722107 95.0085775028736
95.3016163790764 95.0233374645973
95.3181186157778 95.0398107900706
95.3218221661185 95.0443030785949
95.3244401741405 95.0464295740649
95.3499827025438 95.0717017064914
95.365063982736 95.086470384591
95.3845108537909 95.1053318879553
95.400027871559 95.1215986382912
95.4149840487836 95.1367315021872
95.420105667456 95.1416865460977
95.4330972057829 95.1544884000231
95.4290067491288 95.1505259743289
95.4382335089651 95.1601478659965
95.4489572298899 95.1714293101202
95.438028724764 95.160481993634
95.4401599657827 95.1623462571465
95.4481378500881 95.1693417885071
95.4500200806501 95.1711788428512
95.4535337021431 95.1748695460977
95.4446979993896 95.1661056243456
95.4384842720368 95.1597628900991
95.4352178158033 95.1562085705994
95.4394698644979 95.1599482075772
95.4406158852813 95.1612121291155
95.4566119948219 95.1767014372281
95.4650180024271 95.1850127454988
95.4793874071532 95.1989786984862
95.5000279220326 95.2183949872978
95.521246776614 95.2401803755897
95.5410544797539 95.2602953004694
95.5618237978402 95.2812284207241
95.603620125472 95.3233935648673
95.6343900329406 95.3547021603031
95.6670152946226 95.3869312211317
95.6895758568245 95.4099221329552
95.7037551622725 95.4238205924784
95.7295845283542 95.4490898233018
95.7371257733809 95.4571389263555
95.7622646077644 95.4826211725942
95.7899130512956 95.5091673587626
95.8060763005898 95.5253877580222
95.8308153655161 95.550582489262
95.8612453563097 95.5807189851075
95.8638879612271 95.5826822933956
95.8720771237598 95.5913042992273
95.8845432951565 95.6036935441552
95.8991424393071 95.6185790666351
95.9097986439079 95.6285293360509
95.9203765830867 95.6392678487985
95.9434433015241 95.6626921299684
95.9583058355052 95.67788319618
95.9639423918262 95.6835880026448
95.9801488459385 95.7001452598408
96.0062385410581 95.7259580836707
96.0283162126233 95.7475729720597
96.0488849316802 95.7676994696183
96.0650216573381 95.783613710275
96.0776559145239 95.7963491967443
96.1048243526487 95.8238931965132
96.1214272351711 95.8399588505945
96.1208081393195 95.840068471617
96.1329599891674 95.8518936088238
96.1516293111164 95.8710003099343
96.1606168603709 95.8795159136804
96.1738459321056 95.8924901513008
96.2088660618778 95.9275175530077
96.2378167534562 95.9564124061839
96.2568456154916 95.9749040210988
96.2841760477714 96.0021824605095
96.300473604137 96.0186925987043
96.314779052402 96.0339624132286
96.3445242460745 96.0632445880701
96.3756108791197 96.0940236297791
96.3853008592879 96.1039681958272
96.4055638508391 96.1244898092104
96.4290730227798 96.1476470394002
96.4674323062612 96.1858132119851
96.4993410582903 96.2180760338632
96.5268771590304 96.245477598812
96.5385598232244 96.2568886666643
96.5502971591729 96.267139647954
96.5771437112651 96.2937761397478
96.5875825909847 96.3043347215742
96.5860162213773 96.3036841808541
96.606619013623 96.3231864909334
96.6385194198559 96.3553992476723
96.6672981978897 96.3837409972373
96.6949941503071 96.4108899344661
96.7169600704185 96.4330499261003
96.7583764887713 96.4743655161246
96.7736363203913 96.49043605072
96.7951169022928 96.5123557737947
96.8224589680875 96.5392365200743
96.8602669338699 96.5770370037555
96.8856665422906 96.6028469833374
96.9155122659897 96.6323887747952
96.9622295534329 96.6788228567613
96.9998126901028 96.7158646038929
97.0382855129762 96.7539056459943
97.0784114784763 96.7948081609709
97.1113775118365 96.8273165460558
97.136530434724 96.852351904184
97.1546457327336 96.8711501195344
97.1647522200459 96.8812903532017
97.1851365097693 96.9014758775962
97.2176058110917 96.9338054350858
97.2381374930385 96.9549115151374
97.2684591381206 96.9844195743922
97.282557342186 96.998806652341
97.3191659637801 97.0360166246267
97.3633112805164 97.0798154901448
97.4011401178265 97.1168230537315
97.4196468867402 97.1351804807067
97.4417156155954 97.1572627556032
97.4671621358802 97.1831994308231
97.4824856405123 97.1983427228113
97.5109764818709 97.2267562629608
97.5320310582826 97.24750720055
97.5519967677301 97.2684370936139
97.5568408986933 97.2735887697918
97.5652216000618 97.2817555026592
97.5787721242538 97.295678711391
97.5838564601694 97.3000367064663
97.6097677372519 97.3256373014186
97.6208398620484 97.3368730097319
97.6291391159402 97.3447497105904
97.6481789145478 97.3631481014351
97.667656443823 97.3830365664762
97.6827395654938 97.3981413746568
97.7124126638584 97.4272247984627
97.7203069439044 97.435043841294
97.7301107550202 97.4441844487637
97.7403211685195 97.4545700498963
97.7562590381242 97.4707582794595
97.7702304107819 97.4841474502791
97.7562453723161 97.4695571881447
97.7781202306464 97.4914125594147
97.7939162100204 97.5076519391001
97.8095924926836 97.523225612763
97.8235175663932 97.5367796975086
97.8204229381532 97.5333854884638
97.8340150573882 97.5469593967511
97.836285655452 97.5488675772899
97.8506492677952 97.5637379733975
97.8642659635371 97.5774384219201
97.8659721929434 97.5793168246173
97.8541487892285 97.5676174771767
97.8644966731609 97.5778111266721
97.8740938184616 97.5870935853024
97.8796935017789 97.5936603859215
97.8904614375156 97.6039981907351
97.9066829170428 97.6205288928467
97.8973796248507 97.6113543381436
97.8885426245429 97.6023303019627
97.87938256075 97.5920866450818
97.853188177186 97.5664749882794
97.8587277343785 97.5720244454328
97.8644709273504 97.5781082715622
97.87368472246 97.5870037224653
97.8696421674783 97.5835479619953
97.8641157675999 97.5779894854943
97.8584442320593 97.5722575681613
97.8623549370848 97.5750816419382
97.8580601102783 97.5710924439583
97.8530367507119 97.5670161193327
97.8458554307017 97.5603610359005
97.8264845736886 97.5400216348556
97.8002603638034 97.5130465094428
97.7734361911663 97.4865086296264
97.7394052112784 97.4524588085617
97.7224789524554 97.4361876764061
97.697127389767 97.4107244698486
97.6901163021488 97.403269414596
97.6511300836879 97.3642460717922
97.6226245182846 97.3350193552087
97.6013688478297 97.3138908037646
97.5794076549281 97.2920196118253
97.563856893297 97.2763564973137
97.5403856171675 97.2521478641306
97.5183896879923 97.2301303592134
97.4864466899763 97.1981485012462
97.4554266234423 97.1673611635682
97.4288993699811 97.1412065755038
97.4159395400513 97.1280071562504
97.3898615337479 97.1024568258371
97.3475903305179 97.060670237078
97.323980584344 97.0372240044023
97.3118629195659 97.0253541132043
97.277098121406 96.9898694277085
97.2516077153997 96.964126542356
97.2394390809653 96.9519010220773
97.2187549683202 96.9307996558844
97.2119631590548 96.9238605518537
97.1991505344264 96.9114256775824
97.1927243107466 96.9046288069449
97.1851400550814 96.8969728604277
97.1873061714291 96.8988187797247
97.1992990770089 96.9106305159563
97.1948393647475 96.9068440444789
97.1900217044209 96.9014826704035
97.1931029464671 96.9047404885177
97.1822578423416 96.8936538239821
97.1742036351178 96.8860814157308
97.1753378302843 96.8870147781977
97.1739162015486 96.8859082707883
97.180097904485 96.8925041248122
97.174246802161 96.886111478006
97.1695674394848 96.8808170246402
97.1788529438971 96.8900523976585
97.1815347123636 96.8925622376398
97.1717274681697 96.8829233907075
97.1844256826687 96.8961481707469
97.2074604934435 96.9188007184589
97.2214865612518 96.9321701610399
97.2316402930653 96.9422051676207
97.2219203537424 96.9321659076306
97.219987635368 96.9303954541275
97.2115592300691 96.922278428642
97.2020722424688 96.9131811927932
97.1927145043829 96.9037163780068
97.179732584983 96.890832727278
97.1569200798353 96.8675341361962
97.1447654705221 96.8553538635274
97.125541226248 96.8364150615439
97.1230060660198 96.8337396312235
97.1117203900686 96.8214939976567
97.0921986172466 96.8020068473388
97.0517902073496 96.7617055770569
97.0137446951238 96.7240609448974
96.9909206069699 96.701568858789
96.9699175044899 96.6805070798898
96.9466678389666 96.6566486322444
96.9226683711467 96.6322555894419
96.9198126245845 96.6290201631728
96.9050842457668 96.6146669331405
96.9006619338161 96.6106383289478
96.8845650266441 96.5942032846921
96.8549448325269 96.5651887195665
96.8456981940452 96.5560233921569
96.8183488558849 96.5289213543017
96.7933877966462 96.5044055900088
96.7789165114271 96.4898029610875
96.7576216450689 96.4688982120804
96.7440202008477 96.4551527350313
96.74091128541 96.4512272974586
96.7155280708328 96.4255659164261
96.6769094179319 96.3863148148763
96.6479867763609 96.3573447436934
96.6065723821746 96.3161100182171
96.5787465148825 96.2880754105283
96.5617119752024 96.271201351265
96.5377318060415 96.2469802709925
96.5159433945712 96.2247600307669
96.5107215330625 96.2189536969428
96.4971615264968 96.2054247587618
96.4906721793159 96.1993076921625
96.4716369243023 96.1801234528199
96.453428444559 96.1616757804517
96.4501520809421 96.1582458924281
96.4489143914457 96.1574156042616
96.4413018175658 96.1494944495439
96.4339077236449 96.14138842902
96.4197365488312 96.1281075215106
96.4021746363577 96.1099707940847
96.3931475713182 96.1009492949662
96.3904369223255 96.0985703604207
96.3873074175569 96.0953369821021
96.379767748863 96.0880046428323
96.3696999899015 96.0782196348616
96.3594439087715 96.0676210670624
96.3424010272371 96.0505091886855
96.3214409760148 96.0292131175055
96.3053791772349 96.0125636619128
96.2885788605332 95.9959806676731
96.2654915226625 95.9728484433251
96.2433766763842 95.9509410983257
96.2080838390416 95.9160842541481
96.1653461429664 95.8740041999605
96.130656963582 95.8401398697981
96.0973172032891 95.8068401361749
96.0526720450702 95.7623835654838
96.0374299021546 95.74619512901
96.0125463608764 95.7214969974608
95.9954870973145 95.7040778181579
95.9693435513354 95.6784354508331
95.9495730402032 95.6580569815616
95.9490694896847 95.65750010076
95.9575675543003 95.6654243111733
95.9497622324609 95.6579724325871
95.9323498207271 95.6395734606273
95.941534076927 95.6494115843432
95.9378265568662 95.6455844964252
95.9284598516714 95.6360012452194
95.9303641446672 95.6384972918969
95.9279095758185 95.6368556663257
95.9300103413045 95.638764054164
95.9402780513476 95.6484380243951
95.9174509301845 95.6260067225639
95.9151786856546 95.6238925685314
95.9233383823027 95.6315524112582
95.931667279213 95.6393989757039
95.9179694578512 95.6251449062717
95.921949550411 95.6287909910644
95.9220853917926 95.6281620015211
95.9347335542638 95.6404558112778
95.9380794989585 95.6434782176341
95.9459840504748 95.652226175466
95.9474032868014 95.6531925791556
95.9410039231613 95.6470965212369
95.9276775031799 95.6342115739019
95.9258947320605 95.631390107032
95.9172851619156 95.6236651324163
95.8907287952346 95.5970882085839
95.8803643284649 95.586944953576
95.8655252265526 95.5719062090363
95.8624656590958 95.5686512449459
95.8696478882091 95.5755257861632
95.8460685459526 95.5518627648755
95.845865250289 95.5510800234247
95.8525638851426 95.5573886753999
95.8692839330321 95.5743852884711
95.8758179808946 95.5801572052632
95.8657970279994 95.5706397473014
95.8570565813303 95.5615109614826
95.8525873973183 95.5559290890787
95.8537903025009 95.5572268438875
95.851829756796 95.5563291521023
95.8675811745945 95.5723387763015
95.8714416650458 95.5759729295255
95.8639222059539 95.568444864596
95.8745659447445 95.5795425955802
95.8465398527781 95.5509372575954
95.873106485321 95.5773377747717
95.9071477075601 95.6112003942089
95.9212419027984 95.6248002437614
95.9393978533583 95.6423090227362
95.9485179614051 95.6518002151644
95.9676506060771 95.6712912453742
95.9835281545954 95.6868812835492
96.0051495987861 95.7079833986938
96.0272817540596 95.7298523187936
96.0521135077803 95.7552572523085
96.0814937173149 95.7846323468565
96.1130154104172 95.8161066721934
96.1307511118373 95.834353735898
96.1606415501857 95.8635612442062
96.1938712592332 95.8976864502735
96.2129013353627 95.9169603944902
96.2326526027497 95.9365162048065
96.2634272496368 95.9665030942209
96.3070320600364 96.0100612303786
96.3501604011247 96.0533007442336
96.4072493280208 96.1101905686139
96.4526468628682 96.1558578612943
96.4926679223784 96.1956868612202
96.5336810007682 96.2364433790629
96.5883815422264 96.2911489867774
96.6428773005322 96.3463599877863
96.7257521353264 96.4284939842802
96.7938411611163 96.4964739732883
96.8375070735705 96.5403127307159
96.8926880265079 96.5949889221429
96.9478950447239 96.6498267058794
97.0120681756725 96.7142389700521
97.0707839964928 96.7726543972877
97.1437592334914 96.8448135658308
97.1991318703591 96.900395205587
97.2409681502639 96.9416837537175
97.3096976667882 97.010046976901
97.3698633078196 97.0696707608114
97.4294113950893 97.1292010676494
97.4788816286511 97.178738876216
97.5398150973013 97.2391644659035
97.6082897820701 97.3083803927772
97.6577643663142 97.356866522046
97.731393856927 97.4304017208561
97.7870631332551 97.4861540850135
97.8362508570119 97.5357070269246
97.8904560347878 97.589739843772
97.9417627278555 97.6407136685711
97.9845681833711 97.6836364849816
98.0411210273376 97.7399919904922
98.0975650875633 97.796299667815
98.1343539297876 97.8329209217021
98.171373930376 97.8707473709045
98.2255250935726 97.9243639898328
98.2796480318789 97.9778890501118
98.3113616910606 98.0091673086426
98.3651370048488 98.0630884745651
98.4110943944146 98.1087615889918
98.4703597583588 98.1680840331785
98.5050609309194 98.2035309239083
98.5847633200086 98.2826556002314
98.6345677454122 98.3320864599494
98.6809395796712 98.3785815042164
98.7593979053289 98.4566630664768
98.8362042240593 98.5330239843204
98.9054779123964 98.6017942540871
98.9721949839353 98.6690173019655
99.0441578652586 98.7411967636915
99.1224961054616 98.8187953337252
99.1983886083362 98.8943148879854
99.2742348755981 98.9693230155937
99.370647960652 99.0656115493345
99.4479287245478 99.1426744192432
99.5275902234586 99.2224494482738
99.6074388279836 99.3022304286801
99.6863763925393 99.3804132556551
99.7660193660479 99.4598765199198
99.8462353363015 99.5409362214538
99.9281362028442 99.6232463976068
100.011177203684 99.7066430259783
100.091941630729 99.7871457982708
100.18398679119 99.8790222133623
100.27150974069 99.9652648346883
100.362757492808 100.057038116893
100.447308425523 100.141422385133
100.53980456797 100.233122052242
100.63831101115 100.331665337685
100.727632823868 100.421218172762
100.824683543196 100.518338325334
100.919389111434 100.613474400856
101.017882944802 100.711321088436
101.114988555782 100.808322426569
101.213103822216 100.905987194048
101.316694576374 101.009581398861
101.402814106817 101.095884396957
101.503520391804 101.195835446274
101.611058922782 101.303490289912
101.726588095491 101.418530879926
101.839197312509 101.531540438879
101.938029646283 101.630025607359
102.054835293219 101.746754638724
102.161973300702 101.853405831652
102.272903624886 101.964461862842
102.37452364864 102.066379656612
102.4698859073 102.16138296169
102.58137543251 102.272608932521
102.690954708897 102.381848289942
102.789776445589 102.481298895485
102.897886166902 102.589625463136
102.991278994465 102.682131289767
103.102816335591 102.793019700347
103.219782911358 102.909975352675
103.335062907394 103.025114543126
103.444740601493 103.134317014588
103.547440353171 103.235795066117
103.663823009185 103.351777649798
103.780569042939 103.467982188868
103.888317270884 103.576165042004
103.998182106401 103.686245665436
104.102701570885 103.790957757181
104.189630705204 103.878349268652
104.278526742078 103.967198604606
104.38398223935 104.072916694786
104.503566357658 104.19190487703
104.604648513682 104.293129479116
104.729621477949 104.417663909703
104.838208247021 104.526759166298
104.948121929839 104.635937045019
105.058127587347 104.746471882478
105.181157472786 104.868853389991
105.279815706845 104.966717911178
105.380313909144 105.066188687144
105.486617614999 105.172452475438
105.582676862951 105.26903264755
105.690316377344 105.376639100487
105.793131715132 105.479330756516
105.899132589886 105.586389043706
106.016742998033 105.703283800418
106.129210753715 105.815630723345
106.243882614366 105.931115721658
106.356178056816 106.043239530782
106.472303380134 106.158674937467
106.578966374151 106.265529518347
106.697219617908 106.383596941514
106.806833931221 106.493065167124
106.924287369097 106.609544001393
107.018152140005 106.70364218567
107.121635762204 106.807164704576
107.212445353762 106.897149615877
107.310699429648 106.995395378785
107.391097259914 107.075502745707
107.501346990197 107.185896960497
107.599351733415 107.282918200382
107.693574784794 107.376687677004
107.788115844181 107.471790465075
107.867324954 107.551669710844
107.944242214428 107.628694389824
108.03565677695 107.719803934456
108.127160610492 107.810876855181
108.216352020017 107.899675710064
108.310921068861 107.993792023587
108.418888875139 108.101576484489
108.50363185471 108.186730204094
108.577811980598 108.260512495912
108.67019397993 108.352421511773
108.749218727444 108.431279959688
108.848149182933 108.530037994441
108.9263918451 108.608023110534
109.000886463255 108.68288041227
109.093195414637 108.775286358701
109.175271627699 108.85724614675
109.278250579348 108.960134054417
109.379254759159 109.060514854112
109.464002462901 109.14540682546
109.554167795929 109.235433997761
109.64987961127 109.330887685976
109.736620300696 109.417814743048
109.8132934517 109.494639815421
109.90374435632 109.585352060503
110.007810600613 109.689560027413
110.096307809321 109.777411660868
110.17590733006 109.857634680171
110.273669086244 109.954865987168
110.352089229228 110.032699645342
110.435254592614 110.116552538781
110.535134457765 110.215794345632
110.619118480792 110.299423261336
110.696551587935 110.375999843974
110.778590669358 110.458473786726
110.85346720765 110.533137851159
110.928696668264 110.60872573962
111.007888577435 110.687756499375
111.112691188628 110.792373441273
111.187640789346 110.867163804428
111.273001964833 110.952775169651
111.349260629789 111.029165500298
111.428729215328 111.10932661731
111.49435003814 111.174673754722
111.57320943314 111.252869484583
111.647003538411 111.327377993793
111.715297271753 111.395890728487
111.793662412276 111.474300570474
111.873052280776 111.553136240407
111.946733802022 111.626427453297
112.029104516614 111.708702939606
112.096446178966 111.776080115598
112.178865869915 111.858608972137
112.256185904159 111.935442559678
112.323310534176 112.002606810348
112.394557066703 112.073885178388
112.483551745949 112.162827572797
112.563604658476 112.242222118816
112.645160822404 112.323282034447
112.724351575065 112.402258213973
112.820509611077 112.497515680536
112.922775426821 112.599451409244
113.021598623511 112.698381930142
113.107211811855 112.784129754886
113.198194459979 112.875849814451
113.299872915107 112.977482547565
113.389251514508 113.066576931566
113.479413356691 113.156201665602
113.579783119014 113.25630036655
113.673167399652 113.350184671878
113.758861111561 113.435514599644
113.846123323503 113.522601743816
113.935627004081 113.612213373689
114.011798137174 113.688789404852
114.098057163708 113.774673687368
114.181151486191 113.857951261029
114.285772857289 113.962184929219
114.38368036152 114.059923957933
114.459570151884 114.135170426296
114.528106229141 114.203989601166
114.614393043495 114.290301929531
114.702705295685 114.379492519687
114.767038104618 114.444125446362
114.858226526576 114.535349178291
114.944532791153 114.62093757162
115.04512343929 114.721240563497
115.106001818762 114.78183528143
115.173273434305 114.849693434253
115.243836315314 114.92058083951
115.320203079432 114.9975139144
115.402019237546 115.0800585152
115.488373966597 115.165767308158
115.573108090817 115.250335997054
115.673923012072 115.351207562613
115.757340426085 115.434885028791
115.851795302968 115.528619713132
115.9617074712 115.638190215246
116.087639753819 115.764156948618
116.191358133518 115.86752186813
116.288856231892 115.965033075729
116.372848625187 116.049151809583
116.478647733005 116.15497998541
116.580877130186 116.256763842675
116.67765539226 116.352720639603
116.778916633045 116.454457049012
116.876678153284 116.552022501452
116.973480276047 116.648911934704
117.050089547852 116.725662806472
117.141622647889 116.817114323092
117.217814128964 116.893685172456
117.313167917277 116.988620323604
117.389653106463 117.064284727467
117.450155302787 117.125025745292
117.534206087033 117.209310556954
117.609607745255 117.284623534831
117.69292210405 117.367469783262
117.782095514887 117.456602239933
117.866459736223 117.540852995668
117.942334219275 117.616795138648
118.027461038795 117.701251532983
118.112101517167 117.785653358332
118.187600540422 117.861189704137
118.281892265356 117.955621846653
118.357387328154 118.031912877201
118.437178414412 118.111584744645
118.51309658434 118.187241180798
118.598974242079 118.272631420487
118.678524057638 118.352742113532
118.772809313649 118.446959873706
118.862515756009 118.536820868689
118.962695538352 118.637035380407
119.05027543113 118.724522598684
119.136609757952 118.809930494585
119.222825513626 118.895623031547
119.312215653153 118.985014030304
119.389722136443 119.063087441627
119.476750479865 119.150230039825
119.562250287014 119.235021993457
119.631500500626 119.304290089172
119.729597127082 119.401821618067
119.825032069509 119.497136673635
119.933840624802 119.605445733369
120.031308897637 119.702880020978
120.107167195595 119.778784555895
120.185700604866 119.8575748062
120.234657032953 119.906710750591
120.301625959709 119.973860617152
120.382335654198 120.053202020004
120.467399985112 120.138867370937
120.543686679097 120.215228510247
120.619203234676 120.291218238862
120.705926987082 120.377221133903
120.80013487185 120.470669372928
120.892952246345 120.563893497652
120.972125814246 120.643398196204
121.064775147462 120.736092320771
121.149217771854 120.821097557223
121.227998169829 120.899478792357
121.300337976578 120.971430824589
121.36222182779 121.033695890568
121.432132575906 121.10353970347
121.507134321165 121.178186998787
121.592616866453 121.263297155404
121.690752844399 121.360849470822
121.777558261863 121.447481170303
121.83837720803 121.508503334931
121.92807720027 121.598590194588
122.031701982421 121.701996661813
122.120467611679 121.791358833411
122.210848681249 121.881722562113
122.305099503507 121.974502821965
122.372069128233 122.042150575505
122.471298787383 122.141351802657
122.56356363216 122.23323715656
122.652389553951 122.321934770121
122.743400998459 122.412757581788
122.816628138077 122.486002487092
122.893663040943 122.563056252984
122.971317666233 122.641318167015
123.05562850659 122.725489093413
123.128467617885 122.799225324862
123.202139073201 122.872215646645
123.270447628682 122.941033815654
123.372000255676 123.041790690234
123.465402051449 123.135245735584
123.56066541502 123.230307401158
123.669724540399 123.339321033574
123.763074875326 123.431785218639
123.847928370565 123.516429370143
123.943509110472 123.611639446159
124.032332066723 123.701067131656
124.138356016757 123.808099145586
124.24652678037 123.915978271662
124.352466630787 124.022121498343
124.475219302274 124.144845678231
124.586871917201 124.256355242063
124.691916272671 124.361169532124
124.791097058579 124.460243444862
124.890346310519 124.559437580645
124.985671257234 124.655172201574
125.105714795857 124.775240684883
125.223768450014 124.892599285833
125.332995320179 125.002282292969
125.423759890684 125.092985946805
125.515309372788 125.184801780656
125.612845084076 125.282643118736
125.69761861178 125.367390933499
125.796139537896 125.466146341437
125.901383339758 125.570830884915
125.991920889842 125.661451759615
126.089296228532 125.758742450683
126.17741117686 125.84740409777
126.269809531517 125.939272553057
126.369295547678 126.03866744383
126.429946771865 126.099091969723
126.508415405875 126.176894669462
126.592294869521 126.260225542328
126.678780626951 126.346490685547
126.7576577769 126.425663597471
126.842799604934 126.510556317773
126.908702049154 126.576537486094
126.98434749203 126.651815739746
127.059791083282 126.726271982854
127.139422274792 126.805556358929
127.204021604628 126.870912775726
127.28071770295 126.947570064179
127.335288258255 127.002355746579
127.406859114942 127.074055089574
127.489705287591 127.15741626281
127.577226210671 127.244383477783
127.629982652776 127.297048071807
127.713639462992 127.380211131942
127.791465279791 127.457063110143
127.876050675476 127.542248974552
127.944656054887 127.611351197082
128.042789858456 127.709342664872
128.10457871386 127.771472543157
128.17074875077 127.83770171893
128.239977967005 127.907029860587
128.290503059044 127.957555795519
128.362527501138 128.029884858013
128.430498302925 128.096699711309
128.507850631025 128.173392634121
128.567945477127 128.233767083385
128.660744270644 128.326804386337
128.731020845665 128.396556771074
128.784385448285 128.449898009724
128.843013631251 128.508214904332
128.907926184603 128.572908573764
128.975283342033 128.640200231939
129.053746003752 128.718835923077
129.116893576723 128.781955348053
129.193495192342 128.858771776283
129.267620922217 128.933636731555
129.33996103898 129.006025401953
129.407009378771 129.072414685928
129.468838141408 129.13340433899
129.513653966189 129.17821098648
129.568367129493 129.23309534124
129.61805376679 129.283020596236
129.670758364782 129.335839500833
129.718720365049 129.384315194387
129.766688637542 129.432697077797
129.80103038367 129.4673197119
129.83274493302 129.498907791352
129.874694895829 129.540425548481
129.92104333157 129.586864131795
129.960810843103 129.626572081559
130.005805529379 129.671262503845
130.059642451627 129.725639893877
130.100097495858 129.766127538112
130.150063249735 129.815818414659
130.208056336968 129.87379923065
130.265731992777 129.931546899866
130.315331588303 129.981193634727
130.365339438947 130.03046728826
130.416701083013 130.081939285825
130.483588580171 130.148305377476
130.533051290737 130.198319941755
130.595258294942 130.260202995566
130.670371903854 130.335209758386
130.740467107482 130.404760936869
130.781984044598 130.445470498656
130.843829157784 130.507287304264
130.886815405995 130.549869440715
130.938064664315 130.600988455061
130.997603754077 130.660777061297
131.056491445482 130.719102122061
131.119321009789 130.78221946726
131.171301289024 130.834050316139
131.246778658467 130.909503977983
131.314480655622 130.97640745915
131.373896727001 131.035622987306
131.406917940991 131.069173485665
131.4426127349 131.104555496139
131.475861406842 131.137485653872
131.520681668882 131.182558881776
131.581390629354 131.242766917348
131.657050300171 131.318748699013
131.723417700825 131.385650004604
131.804480582896 131.467374796483
131.883316711209 131.546073840994
131.962106181031 131.623331782609
132.028142732374 131.688716354468
132.109992887666 131.771115655467
132.180977453304 131.842594366309
132.251133504808 131.912731786988
132.336703411196 131.997856149959
132.411418808317 132.072519238762
132.470132438879 132.131971182742
132.513684760276 132.175557182553
132.566644841944 132.228376521153
132.618313892097 132.280287495974
132.685681747787 132.347420717237
132.770573544961 132.432245012739
132.8443065531 132.506539650188
132.900195405264 132.561306664122
132.972335583642 132.632900811927
133.037545853996 132.698797564977
133.0900506217 132.751996503311
133.148265869948 132.809664963538
133.216086385146 132.87727536366
133.288550519406 132.949637316028
133.348729885109 133.00972732715
133.416454498559 133.077532297415
133.484824579937 133.145624785536
133.537911940902 133.198206390457
133.603411054307 133.263499857007
133.668626764064 133.328345871937
133.725667095563 133.385071431998
133.778603750628 133.437832141845
133.83000846498 133.489452434215
133.893957638874 133.553641607085
133.969036570637 133.628892600966
134.0446504495 133.704817009653
134.103133734227 133.762984957424
134.162075430374 133.821696822432
134.233791816161 133.893233559139
134.287534758937 133.946894156137
134.359743693604 134.018076224088
134.423575722724 134.082601977083
134.486312640548 134.145886590285
134.549616356906 134.209091408763
134.612487481606 134.271810299382
134.64655414957 134.305759114993
134.706958156946 134.365536302694
134.76817233565 134.42636905243
134.816465823239 134.475151339448
134.868814935382 134.527613325888
134.936288893931 134.595674174557
134.987009479617 134.64735832866
135.044249785497 134.704442077934
135.107490041626 134.767871986154
135.173769342181 134.833667241027
135.234151424618 134.894151311683
135.291242350038 134.95163223243
135.34376563476 135.003893378787
135.397100181093 135.056435827208
135.444287652521 135.103667202097
135.496989689894 135.156396643452
135.571725239573 135.23076125555
135.651124727911 135.310162040813
135.727908209312 135.386890121081
135.783736204532 135.442620060422
135.864685313522 135.52362226548
135.936028215361 135.594980366394
136.020870734557 135.67943561189
136.095634130263 135.75416313368
136.174753623284 135.832476141181
136.245973075196 135.90365750595
136.29955374081 135.958076889096
136.371456953292 136.030163527077
136.4376788992 136.096784664943
136.517289243551 136.176028352823
136.579734457493 136.238291156246
136.645805098133 136.304849557016
136.714218636134 136.37341281448
136.773225224731 136.432344083631
136.828691227756 136.487449497452
136.88455171308 136.543475443356
136.94498174992 136.604418162153
137.008076760902 136.667720920829
137.049437550928 136.709091589357
137.107600937521 136.767227926776
137.158096039752 136.817141742929
137.216217847832 136.875047846509
137.267554227363 136.926341947527
137.312974795184 136.971211944329
137.370361610213 137.028594391916
137.416475466052 137.074797340321
137.475105914232 137.133511944866
137.529114457654 137.186791957278
137.591448558349 137.24957965247
137.658304589442 137.315916099789
137.710151302926 137.367009802646
137.764687299017 137.422312779048
137.80769083129 137.465074008701
137.858415959754 137.515925922431
137.898023022184 137.556125242985
137.951094563695 137.609276732
137.989441372851 137.647544139856
138.022421976269 137.680619038253
138.081320484451 137.739135710431
138.149095915756 137.806643951396
138.193374084823 137.850798803708
138.260884300522 137.917428882606
138.318798775366 137.975070077194
138.376432033668 138.032266787342
138.456593837613 138.112892858871
138.518418462756 138.173659816388
138.563035314168 138.218920436245
138.621088049688 138.277373940047
138.684003454993 138.341372604138
138.728704841419 138.386325142667
138.784193636632 138.441450094501
138.826175771572 138.482705569292
138.85892274528 138.515288279024
138.900269878486 138.556839916065
138.931354074243 138.587832931943
138.948255570115 138.604967195243
138.971654194166 138.628672928421
138.996631161018 138.653302606396
139.017751445838 138.674663142303
139.046197483678 138.702940727357
139.071664393772 138.727686498726
139.102149501871 138.757891973335
139.137293494562 138.792760054869
139.15945189592 138.815285287088
139.19355378494 138.849176182841
139.229330235799 138.884394446759
139.273831912634 138.928706096842
139.32768746063 138.98291409878
139.350144823288 139.005726154718
139.372713717708 139.027641564405
139.380803922803 139.035481350146
139.407161187678 139.061411208205
139.443359437379 139.096607779447
139.472741673896 139.126051177697
139.483675805194 139.13737964011
139.50761976392 139.161530552878
139.538479040556 139.192746327825
139.5781637737 139.231921144356
139.625664960121 139.280108835627
139.690547455177 139.344612306246
139.721910309575 139.376230420304
139.763324136045 139.417187990312
139.798426998017 139.452119022993
139.841249391541 139.494869254367
139.881813557894 139.535889114317
139.935700652465 139.589536726985
139.981015036352 139.635141618008
140.010716500577 139.664399081942
140.061026624389 139.714995084973
140.108889804063 139.76341293908
140.16342910412 139.817868362221
140.198345036784 139.852742990875
140.247709160542 139.901550679589
140.290155836452 139.943752348392
140.334794115484 139.988322549238
140.368387764573 140.021816571954
140.406710528035 140.060082660498
140.436263813759 140.089322065246
140.477289076698 140.130439687535
140.515929099784 140.169427687653
140.533886941597 140.187348674707
140.552228352112 140.205788818926
140.566814941463 140.220567882668
140.58057228479 140.234182065762
140.595763654285 140.249512711865
140.619730981942 140.273591198778
140.643969597827 140.297703925376
140.676759101221 140.330452142439
140.702432273576 140.356202991472
140.739566694451 140.392789725571
140.758353914458 140.411317812401
140.781901470969 140.435533531732
140.793942894206 140.448108354813
140.820607408847 140.474719243233
140.843933416654 140.497455289728
140.856953684491 140.510292902485
140.873017694122 140.526818541735
140.889345186518 140.542648833598
140.916298371359 140.570045306621
140.94649209162 140.599850780357
140.9671208384 140.620937605858
140.975963689422 140.629989061855
141.003813790483 140.657638406335
141.018184624152 140.671999656133
141.053919683198 140.707361356826
141.072564892743 140.72555299664
141.115729648116 140.768454297239
141.127109039948 140.779683589703
141.147373761121 140.799718247005
141.15789039277 140.810723118094
141.174849544361 140.827310202449
141.200785881494 140.8526591202
141.206813457324 140.859140236223
141.219768844973 140.871608730061
141.225329803024 140.877488695092
141.243393664991 140.895495651053
141.253974421139 140.906218009962
141.264038828903 140.916442578207
141.277520639538 140.929766359478
141.286431015804 140.938957987722
141.291643130227 140.943642497835
141.289195453103 140.941310434799
141.27356183822 140.926269302367
141.278907415231 140.931105442252
141.293089724502 140.944786912775
141.312685933074 140.964152729694
141.326074302009 140.977295785703
141.319507739435 140.971108262821
141.293709113143 140.945175306853
141.282398196947 140.934261881524
141.276952133887 140.928900708329
141.280916667205 140.932677601028
141.288419086841 140.940615040059
141.297756328347 140.950177889044
141.300839788532 140.952939952501
141.308029804932 140.960111790334
141.307791615656 140.960238498735
141.301352815347 140.954085923725
141.29605503706 140.948713739763
141.29993907482 140.952671163486
141.286619793644 140.93914172472
141.299913310376 140.951500015248
141.307175969538 140.958133748806
141.310221116498 140.961046622836
141.338377947971 140.989777744614
141.352372726396 141.003717369709
141.353373773981 141.005204500857
141.358605370706 141.010066163829
141.351956617197 141.002844554227
141.35752629729 141.008172661005
141.366408639125 141.017261925213
141.362938026209 141.013342180029
141.344558408816 140.994896905177
141.320441268556 140.970971988211
141.332158006512 140.982831708934
141.338612856979 140.989663330009
141.334865370861 140.985181809673
141.352124468907 141.002605047149
141.355512155413 141.006705794855
141.358811191249 141.009762158963
141.364121860954 141.014723205234
141.373725378342 141.023705947249
141.38315449645 141.032658048862
141.388227189913 141.037459515736
141.412311914656 141.061701522773
141.420884928046 141.070492048511
141.416473239163 141.065827741998
141.446155839819 141.095707855902
141.447562259433 141.097340978198
141.433524395053 141.083974770506
141.400838055502 141.051407397557
141.382311498743 141.032938499151
141.369091510587 141.019145021004
141.332995522514 140.983459027594
141.292162641574 140.942220913749
141.27049588699 140.920797196187
141.253330511779 140.903586410665
141.244404040394 140.894375590925
141.227479607447 140.877153630263
141.228516993383 140.878515203464
141.217956555397 140.868108851208
141.21780214383 140.868332747332
141.219291467581 140.870250117553
141.210284113285 140.861323573494
141.171664092735 140.821691193575
141.166755092157 140.816927519294
141.150169385066 140.800088065742
141.13573529967 140.785427776839
141.111181559672 140.760162675439
141.086106741138 140.735204756502
141.087761707166 140.736418095656
141.065561206415 140.714160760498
141.046824612501 140.695085112311
141.040251976792 140.688673167741
141.034699920978 140.682908231164
141.034207349094 140.68251150904
141.028166072844 140.676754226178
141.040119336958 140.68867882327
141.047025820391 140.695857280104
141.041784475661 140.690312437054
141.051368562136 140.699880112743
141.060607082681 140.710389692394
141.058802694648 140.707806288337
141.078457572124 140.72729301631
141.105707128271 140.75443463342
141.113121519909 140.761444422523
141.115546040148 140.764428943101
141.152629783482 140.801162677343
141.175474903437 140.824309334191
141.198984134396 140.847688593088
141.229616429943 140.878766495754
141.238069953512 140.886483297925
141.260575847786 140.908748059594
141.270215373306 140.917979534074
141.294831022192 140.943004625345
141.289363208724 140.937348698461
141.302888649376 140.950829031206
141.312761572489 140.960733693362
141.302110984808 140.950626638304
141.326261770824 140.974700796115
141.328240651817 140.976706767608
141.334898232066 140.983810837255
141.338608803345 140.987646144649
141.353641415931 141.002187367741
141.359837749344 141.008485718576
141.373406343478 141.02140962911
141.383453032607 141.031900879881
141.412041563947 141.061128014884
141.440731543763 141.089279761765
141.458790773673 141.107695850184
141.500549781 141.149417240655
141.518726111735 141.168144627056
141.535573600316 141.184959802351
141.549548280661 141.198291651476
141.568743793001 141.217466850565
141.576437149076 141.224894710045
141.578530437332 141.226154651789
141.594136116987 141.241898545957
141.59049698176 141.238673241077
141.571328121639 141.219255397389
141.567541747634 141.215512593002
141.56376558453 141.211001101926
141.538184566498 141.185350781474
141.528218631994 141.176542951178
141.525158901617 141.173320873162
141.523674761215 141.171604591418
141.52663100305 141.17449826092
141.536098407548 141.183678946172
141.548318748815 141.195081416918
141.5481589601 141.195330944357
141.538211760219 141.185446218148
141.545558937875 141.192664634648
141.527877159145 141.175052357696
141.512405974797 141.159051287049
141.487239985578 141.134444969918
141.446737628721 141.094178148741
141.414683565078 141.062487120398
141.407569757921 141.055403922756
141.405388393689 141.05310973019
141.376526576677 141.023989953021
141.35147276624 140.998877089018
141.349199052814 140.996491549838
141.339914190682 140.987724675872
141.336367948457 140.984651537732
141.331256988071 140.978242430746
141.327826549703 140.97508215943
141.330412716367 140.976939005508
141.353970264543 141.000575791722
141.363821413826 141.010624053781
141.374995150323 141.022242933815
141.387833056625 141.035471206063
141.411875831543 141.059735991961
