40000
40010
40021
40026
40035
40041
40044
40051
40060
40061
40071
40082
40090
40097
40106
40111
40117
40120
40126
40128
40136
40144
40155
40160
40167
40170
40174
40188
40200
40207
40216
40222
40231
40237
40243
40252
40255
40267
40272
40280
40285
40298
40307
40316
40324
40331
40335
40346
40357
40359
40364
40371
40375
40383
40386
40392
40398
40404
40411
40417
40421
40431
40434
40438
40443
40447
40455
40463
40474
40483
40490
40497
40505
40519
40527
40536
40543
40549
40556
40563
40567
40574
40584
40593
40602
40604
40611
40617
40623
40633
40641
40651
40655
40664
40671
40683
40691
40698
40705
40713
40729
40743
40755
40768
40773
40778
40786
40795
40800
40811
40822
40827
40836
40843
40850
40854
40861
40867
40876
40883
40890
40897
40905
40913
40919
40925
40936
40942
40950
40956
40961
40973
40985
40991
40999
41006
41014
41023
41035
41045
41050
41058
41066
41072
41082
41093
41098
41105
41113
41117
41123
41125
41130
41137
41143
41151
41153
41164
41171
41180
41189
41194
41200
41205
41213
41218
41227
41236
41239
41247
41257
41264
41270
41275
41280
41287
41294
41303
41314
41323
41336
41346
41350
41354
41357
41364
41373
41384
41392
41400
41409
41411
41417
41426
41432
41437
41450
41459
41463
41469
41475
41481
41486
41495
41499
41505
41515
41519
41528
41532
41537
41545
41554
41564
41578
41582
41591
41599
41607
41614
41622
41635
41639
41649
41658
41667
41672
41677
41686
41693
41699
41706
41716
41725
41735
41739
41740
41744
41751
41758
41766
41772
41777
41784
41790
41797
41806
41814
41826
41832
41840
41845
41852
41858
41871
41881
41892
41903
41913
41916
41922
41930
41939
41942
41949
41957
41965
41972
41978
41978
41986
41995
42001
42010
42016
42028
42037
42046
42055
42060
42066
42075
42083
42098
42108
42113
42119
42125
42133
42142
42148
42153
42164
42179
42187
42197
42204
42213
42217
42225
42233
42246
42252
42255
42267
42272
42282
42287
42293
42300
42308
42315
42323
42330
42339
42344
42353
42359
42364
42370
42378
42387
42395
42404
42414
42421
42425
42432
42441
42449
42454
42463
42467
42473
42477
42483
42490
42494
42503
42509
42515
42523
42532
42538
42545
42551
42562
42569
42575
42583
42591
42597
42603
42609
42614
42619
42631
42636
42644
42649
42654
42661
42669
42677
42689
42700
42708
42714
42720
42727
42733
42747
42754
42761
42775
42785
42792
42804
42807
42815
42822
42828
42838
42847
42856
42863
42871
42880
42883
42892
42904
42910
42915
42919
42925
42931
42936
42938
42946
42950
42955
42960
42965
42974
42980
42988
42997
43003
43016
43021
43029
43035
43045
43050
43061
43070
43077
43081
43090
43097
43103
43109
43116
43122
43130
43140
43151
43155
43162
43169
43178
43190
43197
43206
43219
43228
43237
43243
43250
43261
43266
43274
43284
43295
43303
43309
43313
43320
43328
43333
43341
43352
43362
43369
43372
43380
43388
43393
43400
43408
43414
43419
43427
43432
43436
43442
43451
43455
43460
43466
43469
43482
43492
43500
43505
43517
43523
43531
43539
43548
43554
43563
43567
43573
43578
43587
43596
43601
43606
43614
43619
43625
43632
43637
43643
43647
43649
43660
43669
43675
43683
43692
43696
43706
43714
43721
43729
43733
43738
43745
43751
43753
43759
43766
43773
43778
43785
43796
43804
43814
43820
43823
43831
43842
43848
43853
43861
43866
43875
43878
43888
43896
43905
43912
43918
43922
43929
43937
43946
43954
43960
43966
43977
43984
43990
43995
44003
44015
44025
44037
44043
44051
44057
44062
44068
44078
44086
44092
44096
44104
44112
44113
44119
44124
44127
44131
44131
44135
44141
44148
44155
44160
44164
44175
44182
44189
44198
44205
44210
44219
44225
44232
44238
44250
44259
44270
44278
44282
44295
44304
44315
44328
44335
44341
44350
44360
44365
44372
44378
44384
44391
44398
44404
44409
44411
44421
44430
44438
44445
44450
44454
44461
44465
44471
44481
44488
44497
44501
44511
44514
44517
44528
44534
44543
44553
44561
44570
44578
44589
44598
44606
44612
44621
44628
44636
44644
44653
44663
44669
44681
44687
44692
44698
44703
44713
44718
44729
44742
44748
44755
44757
44763
44772
44778
44785
44791
44797
44800
44810
44817
44825
44835
44845
44851
44855
44859
44863
44868
44872
44880
44889
44894
44898
44904
44912
44921
44927
44936
44949
44954
44961
44975
44987
45000
45013
45021
45024
45030
45036
45039
45044
45054
45066
45074
45084
45090
45092
45098
45104
45109
45115
45126
45133
45143
45147
45152
45160
45166
45175
45183
45185
45193
45197
45208
45217
45223
45229
45233
45243
45248
45257
45260
45265
45273
45282
45290
45298
45306
45316
45321
45327
45335
45345
45353
45360
45368
45376
45384
45388
45394
45398
45404
45410
45416
45420
45424
45431
45438
45440
45449
45456
45460
45468
45477
45485
45492
45496
45507
45513
45521
45526
45528
45534
45539
45542
45547
45557
45566
45571
45582
45588
45594
45601
45611
45615
45623
45628
45637
45643
45651
45657
45664
45666
45679
45691
45698
45703
45709
45715
45724
45728
45736
45745
45754
45765
45775
45785
45791
45797
45798
45804
45815
45823
45831
45841
45854
45861
45873
45885
45889
45899
45906
45915
45921
45930
45935
45943
45949
45955
45961
45965
45975
45982
45999
46009
46011
46017
46024
46031
46039
46047
46056
46067
46075
46078
46087
46093
46098
46112
46117
46122
46128
46137
46145
46152
46155
46158
46164
46170
46178
46182
46193
46199
46200
46206
46212
46219
46226
46231
46239
46246
46253
46261
46271
46277
46281
46284
46291
46297
46303
46311
46318
46321
46327
46333
46342
46354
46357
46360
46368
46373
46377
46386
46398
46409
46417
46423
46437
46446
46452
46463
46471
46480
46486
46494
46503
46512
46521
46539
46545
46560
46572
46579
46591
46593
46604
46607
46616
46620
46626
46632
46640
46646
46651
46660
46663
46676
46685
46698
46703
46709
46716
46721
46725
46734
46739
46748
46761
46766
46776
46780
46787
46794
46800
46806
46811
46814
46825
46834
46842
46848
46854
46863
46869
46878
46885
46892
46898
46905
46916
46922
46929
46937
46943
46954
46959
46965
46969
46978
46986
46992
46998
47005
47012
47019
47027
47033
47037
47046
47048
47054
47059
47063
47070
47078
47084
47091
47098
47102
47108
47117
47120
47130
47142
47152
47157
47167
47171
47177
47185
47187
47192
47195
47200
47207
47217
47227
47238
47247
47253
47262
47267
47275
47281
47289
47296
47300
47304
47310
47315
47324
47332
47339
47345
47355
47359
47369
47374
47382
47389
47393
47402
47409
47416
47418
47422
47434
47444
47454
47460
47468
47478
47484
47490
47497
47507
47519
47528
47534
47544
47561
47567
47582
47590
47598
47605
47613
47620
47635
47641
47651
47654
47664
47667
47676
47684
47687
47691
47698
47705
47711
47724
47734
47735
47745
47751
47756
47765
47774
47784
47794
47801
47804
47810
47812
47820
47829
47833
47841
47851
47858
47865
47873
47878
47885
47890
47897
47906
47913
47915
47924
47935
47941
47948
47957
47960
47967
47974
47982
47984
47989
47996
48001
48007
48014
48021
48030
48037
48041
48049
48053
48058
48066
48071
48079
48086
48091
48097
48109
48118
48128
48137
48140
48143
48151
48160
48165
48174
48183
48191
48196
48202
48207
48215
48222
48230
48240
48246
48254
48260
48265
48276
48278
48285
48294
48299
48306
48312
48323
48330
48334
48338
48345
48352
48360
48366
48373
48384
48388
48394
48397
48407
48419
48424
48428
48439
48450
48456
48459
48464
48468
48476
48491
48496
48502
48508
48515
48521
48529
48536
48544
48553
48560
48566
48576
48581
48589
48593
48603
48611
48615
48620
48627
48635
48644
48650
48658
48663
48667
48675
48680
48690
48699
48707
48713
48716
48719
48728
48734
48740
48747
48752
48761
48765
48769
48781
48791
48799
48808
48811
48817
48820
48827
48831
48839
48847
48853
48857
48862
48866
48870
48877
48888
48891
48899
48903
48912
48920
48928
48932
48940
48948
48952
48962
48967
48975
48981
48991
48995
48999
49004
49015
49018
49027
49033
49035
49046
49050
49058
49069
49079
49085
49090
49096
49101
49103
49109
49114
49125
49132
49137
49145
49150
49160
49164
49168
49174
49180
49194
49199
49206
49212
49221
49225
49233
49240
49247
49250
49255
49260
49269
49273
49284
49291
49295
49302
49308
49310
49316
49320
49325
49330
49335
49339
49348
49354
49363
49370
49376
49384
49394
49400
49408
49416
49421
49430
49435
49440
49447
49453
49458
49461
49465
49473
49477
49486
49492
49495
49498
49504
49508
49518
49527
49530
49535
49542
49548
49552
49556
49567
49571
49574
49580
49586
49594
49600
49605
49613
49617
49621
49629
49635
49641
49654
49661
49665
49670
49678
49688
49693
49697
49704
49706
49712
49720
49725
49730
49737
49744
49750
49761
49770
49775
49785
49795
49798
49808
49815
49821
49831
49833
49836
49842
49850
49854
49856
49862
49870
49875
49885
49887
49892
49898
49905
49912
49921
49923
49933
49941
49950
49956
49961
49969
49974
49981
49988
49991
49997
50001
50006
50011
50019
50024
50028
50034
50043
50048
50059
50060
50062
50066
50072
50076
50083
50086
50088
50093
50102
50110
50117
50124
50131
50138
50148
50156
50161
50162
50168
50176
50181
50185
50194
50201
50205
50212
50217
50224
50231
50236
50250
50256
50264
50266
50273
50286
50291
50294
50299
50308
50319
50325
50330
50337
50343
50350
50358
50364
50371
50372
50380
50385
50393
50397
50402
50407
50410
50417
50427
50429
50436
50442
50446
50457
50459
50464
50469
50475
50481
50490
50493
50498
50503
50511
50516
50517
50526
50534
50547
50553
50560
50567
50576
50581
50588
50594
50606
50610
50617
50620
50623
50625
50628
50636
50643
50650
50657
50671
50679
50684
50691
50698
50702
50707
50713
50716
50725
50735
50740
50745
50751
50755
50765
50768
50774
50778
50781
50787
50793
50797
50809
50814
50820
50825
50832
50837
50845
50848
50852
50858
50866
50873
50878
50888
50893
50897
50906
50910
50914
50925
50929
50941
50951
50961
50966
50973
50979
50981
50987
50989
50998
51002
51006
51012
51014
51014
51017
51021
51022
51022
51028
51030
51037
51038
51042
51047
51056
51060
51066
51072
51080
51084
51090
51093
51094
51102
51106
51110
51114
51119
51124
51134
51140
51149
51155
51165
51172
51175
51180
51188
51194
51197
51202
51204
51207
51216
51220
51232
51234
51239
51240
51244
51246
51251
51255
51259
51264
51265
51269
51277
51281
51287
51291
51298
51307
51310
51315
51317
51322
51327
51334
51340
51349
51352
51359
51364
51371
51378
51382
51387
51392
51398
51404
51409
51411
51417
51421
51428
51433
51438
51442
51447
51450
51454
51459
51468
51475
51479
51485
51489
51493
51500
51509
51514
51521
51528
51530
51538
51543
51545
51549
51551
51555
51561
51563
51565
51570
51575
51581
51585
51590
51592
51595
51603
51608
51614
51623
51632
51635
51640
51643
51646
51649
51657
51658
51665
51670
51673
51681
51684
51688
51696
51699
51708
51713
51719
51725
51731
51739
51744
51748
51751
51757
51760
51766
51769
51771
51773
51775
51784
51793
51801
51805
51811
51818
51825
51831
51844
51852
51857
51860
51864
51868
51873
51879
51889
51893
51899
51904
51908
51914
51919
51920
51929
51940
51947
51951
51962
51966
51969
51974
51978
51988
51995
52007
52010
52013
52023
52029
52038
52043
52048
52053
52063
52073
52079
52085
52099
52108
52114
52123
52128
52134
52139
52151
52156
52162
52167
52177
52183
52185
52191
52198
52206
52213
52219
52223
52230
52239
52242
52247
52250
52258
52261
52266
52273
52282
52291
52295
52308
52314
52320
52328
52336
52347
52353
52363
52369
52372
52380
52390
52398
52408
52416
52423
52436
52443
52449
52455
52469
52474
52480
52484
52495
52507
52513
52521
52527
52533
52540
52553
52563
52570
52577
52583
52586
52591
52600
52605
52621
52627
52636
52647
52653
52663
52672
52679
52686
52693
52700
52714
52722
52733
52742
52748
52754
52758
52775
52787
52792
52802
52807
52816
52823
52835
52845
52854
52864
52875
52885
52893
52896
52909
52921
52925
52933
52938
52949
52957
52967
52973
52980
52993
53006
53015
53028
53035
53043
53054
53059
53068
53077
53087
53101
53114
53123
53131
53134
53145
53159
53166
53176
53190
53197
53208
53220
53233
53247
53252
53265
53276
53293
53303
53312
53321
53331
53347
53354
53364
53370
53377
53392
53397
53405
53414
53419
53428
53437
53444
53456
53468
53478
53487
53495
53500
53511
53528
53536
53544
53553
53570
53577
53581
53595
53601
53615
53629
53640
53644
53652
53657
53668
53677
53685
53694
53707
53713
53716
53727
53737
53747
53757
53767
53777
53795
53800
53809
53819
53830
53843
53852
53860
53869
53878
53884
53893
53908
53920
53932
53944
53953
53964
53975
53983
53989
54000
54008
54019
54025
54032
54039
54050
54057
54065
54074
54085
54098
54108
54119
54129
54132
54148
54162
54171
54179
54189
54200
54213
54222
54232
54241
54249
54255
54265
54270
54285
54289
54294
54307
54317
54324
54331
54341
54349
54356
54362
54371
54378
54388
54397
54411
54423
54434
54440
54454
54463
54466
54474
54483
54492
54498
54509
54512
54520
54530
54543
54555
54562
54569
54575
54584
54597
54604
54613
54620
54627
54633
54637
54644
54650
54660
54667
54676
54683
54690
54693
54703
54711
54725
54732
54739
54749
54755
54763
54770
54781
54784
54789
54799
54806
54810
54817
54822
54829
54834
54840
54844
54849
54860
54865
54870
54879
54885
54892
54899
54907
54916
54920
54926
54932
54939
54943
54945
54951
54957
54963
54970
54977
54984
54991
54999
55002
55006
55012
55021
55031
55034
55039
55043
55051
55057
55057
55062
55070
55072
55077
55077
55078
55080
55083
55088
55095
55099
55103
55106
55111
55119
55126
55133
55139
55146
55149
55153
55158
55166
55175
55183
55188
55198
55207
55212
55220
55225
55228
55236
55241
55248
55254
55258
55267
55273
55275
55285
55293
55308
55317
55326
55330
55337
55346
55355
55364
55371
55374
55380
55395
55403
55408
55420
55432
55438
55451
55459
55466
55474
55480
55487
55494
55498
55506
55517
55526
55542
55553
55562
55569
55577
55590
55599
55610
55619
55623
55632
55640
55649
55661
55669
55680
55684
55691
55699
55707
55718
55727
55736
55744
55757
55764
55772
55783
55790
55804
55814
55826
55842
55849
55857
55864
55870
55876
55885
55896
55904
55912
55924
55930
55936
55945
55954
55959
55970
55978
55985
56000
56005
56015
56022
56029
56042
56053
56058
56060
56073
56080
56089
56094
56106
56119
56132
56141
56147
56154
56163
56170
56177
56185
56192
56198
56207
56217
56224
56233
56241
56247
56258
56265
56273
56284
56290
56297
56301
56308
56324
56330
56341
56347
56353
56366
56376
56381
56387
56393
56402
56409
56415
56422
56430
56440
56450
56459
56463
56469
56481
56492
56501
56513
56522
56530
56546
56550
56556
56562
56569
56580
56588
56604
56616
56626
56635
56645
56656
56664
56670
56678
56690
56695
56705
56711
56717
56728
56737
56747
56754
56763
56771
56788
56796
56803
56808
56813
56820
56834
56841
56849
56860
56866
56879
56891
56904
56914
56930
56940
56952
56958
56967
56977
56980
56988
57000
57010
57019
57024
57029
57034
57039
57045
57052
57061
57073
57081
57087
57093
57100
57107
57114
57123
57131
57138
57147
57157
57163
57172
57178
57182
57190
57198
57206
57210
57219
57224
57232
57243
57250
57252
57255
57262
57275
57284
57290
57293
57307
57309
57316
57321
57334
57334
57342
57352
57361
57373
57377
57386
57389
57395
57399
57405
57417
57424
57431
57437
57444
57451
57455
57460
57464
57468
57472
57483
57491
57499
57504
57512
57519
57526
57535
57540
57546
57551
57555
57557
57566
57572
57578
57584
57592
57599
57607
57614
57622
57628
57629
57636
57644
57652
57659
57664
57671
57672
57676
57683
57688
57695
57699
57712
57720
57731
57739
57747
57753
57759
57766
57773
57781
57791
57795
57799
57801
57805
57811
57816
57823
57833
57842
57847
57852
57853
57865
57872
57881
57888
57894
57897
57903
57906
57908
57912
57919
57925
57931
57935
57939
57945
57947
57952
57957
57966
57972
57977
57987
57990
57995
58000
58006
58014
58025
58028
58034
58038
58043
58046
58050
58053
58053
58057
58060
58068
58073
58077
58084
58093
58098
58105
58108
58117
58119
58122
58127
58130
58133
58134
58142
58147
58153
58155
58165
58172
58180
58187
58191
58194
58197
58201
58207
58211
58218
58223
58228
58232
58235
58238
58239
58244
58248
58251
58254
58259
58266
58272
58280
58281
58288
58296
58300
58306
58314
58316
58322
58328
58329
58332
58336
58339
58340
58345
58348
58350
58354
58359
58362
58368
58374
58382
58387
58393
58398
58401
58405
58413
58418
58424
58430
58433
58441
58451
58460
58462
58466
58475
58479
58485
58490
58499
58504
58505
58511
58515
58521
58524
58530
58533
58541
58553
58555
58559
58563
58567
58571
58577
58584
58590
58595
58602
58604
58606
58612
58617
58621
58628
58629
58630
58635
58637
58645
58651
58661
58667
58676
58681
58687
58696
58700
58709
58714
58716
58719
58724
58728
58732
58735
58743
58744
58748
58751
58756
58761
58766
58773
58781
58791
58795
58804
58813
58815
58823
58833
58836
58845
58848
58852
58859
58868
58876
58889
58901
58910
58914
58920
58925
58929
58933
58938
58945
58957
58963
58973
58979
58985
58992
58998
59005
59011
59019
59027
59035
59040
59049
59056
59065
59069
59078
59086
59092
59097
59106
59109
59117
59124
59133
59137
59146
59156
59162
59173
59186
59198
59204
59214
59222
59239
59244
59253
59260
59266
59273
59278
59285
59290
59300
59318
59320
59325
59329
59334
59343
59350
59359
59368
59375
59383
59392
59400
59407
59416
59424
59430
59439
59448
59459
59467
59481
59491
59493
59499
59507
59515
59524
59530
59539
59545
59556
59566
59574
59590
59598
59608
59613
59624
59631
59642
59648
59658
59664
59671
59679
59682
59691
59700
59713
59717
59724
59730
59736
59744
59751
59757
59764
59775
59782
59793
59805
59812
59821
59826
59834
59841
59843
59850
59856
59864
59877
59890
59899
59901
59914
59925
59931
59937
59942
59951
59957
59962
59969
59978
59984
59987
59995
